0001_0097_0044_0248_0248.jpg 1 97 44 248 248
0002_0111_0214_0161_0161.jpg 1 111 214 161 161
0003_0159_0057_0204_0204.jpg 1 159 57 204 204
0004_0239_0117_0234_0234.jpg 1 239 117 234 234
0005_0279_0552_0196_0196.jpg 1 279 552 196 196
0006_0519_0097_0184_0184.jpg 1 519 97 184 184
0007_0080_0158_0271_0271.jpg 1 80 158 271 271
0008_1300_0760_0112_0112.jpg 1 1300 760 112 112
0009_0205_0154_0266_0266.jpg 1 205 154 266 266
0010_0346_0271_0253_0253.jpg 1 346 271 253 253
0011_0827_0777_0218_0218.jpg 1 827 777 218 218
0012_0105_0216_0220_0220.jpg 1 105 216 220 220
0013_0774_0496_0072_0072.jpg 1 774 496 72 72
0014_0167_0063_0109_0109.jpg 1 167 63 109 109
0015_0444_0074_0160_0160.jpg 1 444 74 160 160
0016_0926_1682_0107_0107.jpg 1 926 1682 107 107
0017_0176_0004_0289_0289.jpg 1 176 4 289 289
0018_0312_0264_0241_0241.jpg 1 312 264 241 241
0019_0497_0695_0103_0103.jpg 1 497 695 103 103
0020_0861_0175_0286_0286.jpg 1 861 175 286 286
0021_0192_0737_0262_0262.jpg 1 192 737 262 262
0022_0771_0227_0115_0115.jpg 1 771 227 115 115
0023_0057_0071_0177_0177.jpg 1 57 71 177 177
0024_0146_0290_0280_0280.jpg 1 146 290 280 280
0025_0027_0112_0262_0262.jpg 1 27 112 262 262
0026_0121_0102_0266_0266.jpg 1 121 102 266 266
0027_0112_0067_0086_0086.jpg 1 112 67 86 86
0028_0229_0174_0268_0268.jpg 1 229 174 268 268
0029_0175_0129_0252_0252.jpg 1 175 129 252 252
0030_0472_0238_0200_0200.jpg 1 472 238 200 200
0031_0602_0362_0277_0277.jpg 1 602 362 277 277
0032_0152_0050_0232_0232.jpg 1 152 50 232 232
0033_0178_0005_0265_0265.jpg 1 178 5 265 265
0034_3751_2708_0193_0193.jpg 1 3751 2708 193 193
0035_0900_0500_0150_0150.jpg 1 900 500 150 150
0036_0215_0193_0267_0267.jpg 1 215 193 267 267
0037_0233_0114_0239_0239.jpg 1 233 114 239 239
0038_0450_0403_0262_0262.jpg 1 450 403 262 262
0039_0212_0203_0210_0210.jpg 1 212 203 210 210
0040_0158_0248_0096_0096.jpg 1 158 248 96 96
0041_0227_0052_0193_0193.jpg 1 227 52 193 193
0042_0260_0193_0223_0223.jpg 1 260 193 223 223
0043_0186_0077_0117_0117.jpg 1 186 77 117 117
0044_0379_0055_0230_0230.jpg 1 379 55 230 230
0045_0341_1599_0193_0193.jpg 1 341 1599 193 193
0046_0141_0166_0170_0170.jpg 1 141 166 170 170
0047_0306_0361_0283_0283.jpg 1 306 361 283 283
0048_0435_0246_0103_0103.jpg 1 435 246 103 103
0049_0490_0360_0072_0072.jpg 1 490 360 72 72
0050_0526_0489_0212_0212.jpg 1 526 489 212 212
0051_0106_0212_0077_0077.jpg 1 106 212 77 77
0052_0329_0040_0141_0141.jpg 1 329 40 141 141
0053_0295_0250_0134_0134.jpg 1 295 250 134 134
0054_0559_0537_0188_0188.jpg 1 559 537 188 188
0055_0642_0358_0230_0230.jpg 1 642 358 230 230
0056_0351_0223_0148_0148.jpg 1 351 223 148 148
0057_0449_0304_0222_0222.jpg 1 449 304 222 222
0058_0292_0535_0096_0096.jpg 1 292 535 96 96
0059_0325_0557_0109_0109.jpg 1 325 557 109 109
0060_0208_0125_0175_0175.jpg 1 208 125 175 175
0061_0751_0254_0273_0273.jpg 1 751 254 273 273
0062_0034_0258_0081_0081.jpg 1 34 258 81 81
0063_0625_0176_0113_0113.jpg 1 625 176 113 113
0064_0704_0573_0178_0178.jpg 1 704 573 178 178
0065_0191_0608_0194_0194.jpg 1 191 608 194 194
0066_0593_0174_0246_0246.jpg 1 593 174 246 246
0067_0145_0065_0209_0209.jpg 1 145 65 209 209
0068_0474_0698_0087_0087.jpg 1 474 698 87 87
0069_0138_0187_0076_0076.jpg 1 138 187 76 76
0070_0837_0495_0102_0102.jpg 1 837 495 102 102
0071_0254_0388_0194_0194.jpg 1 254 388 194 194
0072_0237_0025_0279_0279.jpg 1 237 25 279 279
0073_0059_0116_0185_0185.jpg 1 59 116 185 185
0074_0149_0069_0249_0249.jpg 1 149 69 249 249
0075_0288_0122_0253_0253.jpg 1 288 122 253 253
0076_0035_0059_0286_0286.jpg 1 35 59 286 286
0077_0239_1243_0256_0256.jpg 1 239 1243 256 256
0078_0333_0028_0158_0158.jpg 1 333 28 158 158
0079_0059_0134_0275_0275.jpg 1 59 134 275 275
0080_1387_0198_0128_0128.jpg 1 1387 198 128 128
0081_1027_2602_0131_0131.jpg 1 1027 2602 131 131
0082_0522_1136_0271_0271.jpg 1 522 1136 271 271
0083_0094_0146_0128_0128.jpg 1 94 146 128 128
0084_0096_0023_0270_0270.jpg 1 96 23 270 270
0085_1354_0186_0180_0180.jpg 1 1354 186 180 180
0086_0070_0058_0210_0210.jpg 1 70 58 210 210
0087_0909_0392_0127_0127.jpg 1 909 392 127 127
0088_0460_0533_0096_0096.jpg 1 460 533 96 96
0089_0281_0221_0188_0188.jpg 1 281 221 188 188
0090_0048_0153_0250_0250.jpg 1 48 153 250 250
0091_0274_0171_0177_0177.jpg 1 274 171 177 177
0092_0756_0227_0176_0176.jpg 1 756 227 176 176
0093_0452_0387_0248_0248.jpg 1 452 387 248 248
0094_0479_0308_0212_0212.jpg 1 479 308 212 212
0095_0764_0316_0227_0227.jpg 1 764 316 227 227
0096_0256_0286_0221_0221.jpg 1 256 286 221 221
0097_0223_0076_0260_0260.jpg 1 223 76 260 260
0098_0412_0298_0285_0285.jpg 1 412 298 285 285
0099_0279_0584_0145_0145.jpg 1 279 584 145 145
0100_0043_0136_0170_0170.jpg 1 43 136 170 170
0101_0208_0240_0207_0207.jpg 1 208 240 207 207
0102_0577_1177_0098_0098.jpg 1 577 1177 98 98
0103_0279_0119_0110_0110.jpg 1 279 119 110 110
0104_0107_0221_0204_0204.jpg 1 107 221 204 204
0105_0297_0377_0291_0291.jpg 1 297 377 291 291
0106_1125_1018_0215_0215.jpg 1 1125 1018 215 215
0107_0557_1149_0241_0241.jpg 1 557 1149 241 241
0108_0101_0229_0091_0091.jpg 1 101 229 91 91
0109_0236_0030_0248_0248.jpg 1 236 30 248 248
0110_1049_0618_0130_0130.jpg 1 1049 618 130 130
0111_0327_0247_0078_0078.jpg 1 327 247 78 78
0112_0315_1283_0199_0199.jpg 1 315 1283 199 199
0113_0272_0082_0155_0155.jpg 1 272 82 155 155
0114_0073_0114_0250_0250.jpg 1 73 114 250 250
0115_0846_0772_0153_0153.jpg 1 846 772 153 153
0116_1271_0457_0243_0243.jpg 1 1271 457 243 243
0117_0334_0568_0088_0088.jpg 1 334 568 88 88
0118_0427_0449_0152_0152.jpg 1 427 449 152 152
0119_0054_0126_0232_0232.jpg 1 54 126 232 232
0120_0032_0077_0237_0237.jpg 1 32 77 237 237
0121_0125_0097_0203_0203.jpg 1 125 97 203 203
0122_0066_0253_0250_0250.jpg 1 66 253 250 250
0123_1497_1082_0235_0235.jpg 1 1497 1082 235 235
0124_0128_0099_0126_0126.jpg 1 128 99 126 126
0125_0583_0095_0191_0191.jpg 1 583 95 191 191
0126_0186_0411_0095_0095.jpg 1 186 411 95 95
0127_0420_1113_0146_0146.jpg 1 420 1113 146 146
0128_0219_0134_0180_0180.jpg 1 219 134 180 180
0129_0791_0513_0139_0139.jpg 1 791 513 139 139
0130_0695_0060_0151_0151.jpg 1 695 60 151 151
0131_0435_0411_0271_0271.jpg 1 435 411 271 271
0132_0613_0332_0163_0163.jpg 1 613 332 163 163
0133_0633_0673_0141_0141.jpg 1 633 673 141 141
0134_0552_0307_0181_0181.jpg 1 552 307 181 181
0135_0203_0168_0090_0090.jpg 1 203 168 90 90
0136_1498_0821_0113_0113.jpg 1 1498 821 113 113
0137_0380_0039_0113_0113.jpg 1 380 39 113 113
0138_0306_0219_0121_0121.jpg 1 306 219 121 121
0139_1393_1025_0174_0174.jpg 1 1393 1025 174 174
0140_0151_0471_0091_0091.jpg 1 151 471 91 91
0141_0324_0068_0172_0172.jpg 1 324 68 172 172
0142_1118_0116_0229_0229.jpg 1 1118 116 229 229
0143_1286_0374_0111_0111.jpg 1 1286 374 111 111
0144_0523_0369_0140_0140.jpg 1 523 369 140 140
0145_0773_0693_0179_0179.jpg 1 773 693 179 179
0146_0967_0150_0283_0283.jpg 1 967 150 283 283
0147_0597_0380_0276_0276.jpg 1 597 380 276 276
0148_0379_0169_0192_0192.jpg 1 379 169 192 192
0149_0196_0224_0152_0152.jpg 1 196 224 152 152
0150_0576_0294_0128_0128.jpg 1 576 294 128 128
0151_0692_0613_0122_0122.jpg 1 692 613 122 122
0152_0116_0123_0219_0219.jpg 1 116 123 219 219
0153_0535_0333_0166_0166.jpg 1 535 333 166 166
0154_0178_0026_0265_0265.jpg 1 178 26 265 265
0155_0411_0164_0220_0220.jpg 1 411 164 220 220
0156_0130_0168_0240_0240.jpg 1 130 168 240 240
0157_0180_0198_0232_0232.jpg 1 180 198 232 232
0158_0054_0043_0271_0271.jpg 1 54 43 271 271
0159_0140_0151_0159_0159.jpg 1 140 151 159 159
0160_0535_0638_0149_0149.jpg 1 535 638 149 149
0161_0126_0209_0086_0086.jpg 1 126 209 86 86
0162_0300_0472_0086_0086.jpg 1 300 472 86 86
0163_0469_0050_0238_0238.jpg 1 469 50 238 238
0164_0333_0184_0216_0216.jpg 1 333 184 216 216
0165_0158_0683_0194_0194.jpg 1 158 683 194 194
0166_1274_0429_0123_0123.jpg 1 1274 429 123 123
0167_0525_0461_0090_0090.jpg 1 525 461 90 90
0168_0334_0189_0095_0095.jpg 1 334 189 95 95
0169_0403_0304_0079_0079.jpg 1 403 304 79 79
0170_0289_0133_0225_0225.jpg 1 289 133 225 225
0171_0511_0105_0214_0214.jpg 1 511 105 214 214
0172_0174_0219_0122_0122.jpg 1 174 219 122 122
0173_0091_0117_0239_0239.jpg 1 91 117 239 239
0174_0238_0394_0106_0106.jpg 1 238 394 106 106
0175_0132_0611_0284_0284.jpg 1 132 611 284 284
0176_0116_0065_0118_0118.jpg 1 116 65 118 118
0177_1027_0493_0117_0117.jpg 1 1027 493 117 117
0178_1409_0784_0139_0139.jpg 1 1409 784 139 139
0179_0203_0432_0200_0200.jpg 1 203 432 200 200
0180_0057_0600_0088_0088.jpg 1 57 600 88 88
0181_0454_0119_0145_0145.jpg 1 454 119 145 145
0182_0055_0091_0291_0291.jpg 1 55 91 291 291
0183_0281_0224_0079_0079.jpg 1 281 224 79 79
0184_0326_0269_0157_0157.jpg 1 326 269 157 157
0185_0201_0341_0205_0205.jpg 1 201 341 205 205
0186_0089_0153_0151_0151.jpg 1 89 153 151 151
0187_0189_0287_0207_0207.jpg 1 189 287 207 207
0188_0171_0425_0242_0242.jpg 1 171 425 242 242
0189_0155_0157_0131_0131.jpg 1 155 157 131 131
0190_0158_0343_0104_0104.jpg 1 158 343 104 104
0191_0832_0608_0241_0241.jpg 1 832 608 241 241
0192_0325_0062_0133_0133.jpg 1 325 62 133 133
0193_2138_0373_0277_0277.jpg 1 2138 373 277 277
0194_0389_0310_0291_0291.jpg 1 389 310 291 291
0195_0129_0371_0100_0100.jpg 1 129 371 100 100
0196_0525_0494_0269_0269.jpg 1 525 494 269 269
0197_0301_0216_0146_0146.jpg 1 301 216 146 146
0198_0812_0512_0183_0183.jpg 1 812 512 183 183
0199_0994_1141_0182_0182.jpg 1 994 1141 182 182
0200_0036_0127_0237_0237.jpg 1 36 127 237 237
0201_1338_0278_0201_0201.jpg 1 1338 278 201 201
0202_0442_0416_0178_0178.jpg 1 442 416 178 178
0203_0261_0581_0291_0291.jpg 1 261 581 291 291
0204_0181_0097_0216_0216.jpg 1 181 97 216 216
0205_0629_0992_0170_0170.jpg 1 629 992 170 170
0206_0307_0105_0273_0273.jpg 1 307 105 273 273
0207_1408_0453_0236_0236.jpg 1 1408 453 236 236
0208_0187_0369_0260_0260.jpg 1 187 369 260 260
0209_0331_0511_0288_0288.jpg 1 331 511 288 288
0210_0634_0534_0093_0093.jpg 1 634 534 93 93
0211_0444_0074_0086_0086.jpg 1 444 74 86 86
0212_0052_0068_0241_0241.jpg 1 52 68 241 241
0213_0315_0227_0078_0078.jpg 1 315 227 78 78
0214_0709_0234_0276_0276.jpg 1 709 234 276 276
0215_0323_0588_0171_0171.jpg 1 323 588 171 171
0216_0317_0484_0172_0172.jpg 1 317 484 172 172
0217_0430_0484_0179_0179.jpg 1 430 484 179 179
0218_0526_0178_0230_0230.jpg 1 526 178 230 230
0219_0847_0576_0127_0127.jpg 1 847 576 127 127
0220_0289_0574_0155_0155.jpg 1 289 574 155 155
0221_0203_0093_0125_0125.jpg 1 203 93 125 125
0222_0284_0022_0188_0188.jpg 1 284 22 188 188
0223_0050_0166_0085_0085.jpg 1 50 166 85 85
0224_0884_1136_0220_0220.jpg 1 884 1136 220 220
0225_0103_0327_0198_0198.jpg 1 103 327 198 198
0226_0473_0099_0213_0213.jpg 1 473 99 213 213
0227_0329_0166_0161_0161.jpg 1 329 166 161 161
0228_0259_0561_0121_0121.jpg 1 259 561 121 121
0229_0176_0090_0279_0279.jpg 1 176 90 279 279
0230_0545_0548_0279_0279.jpg 1 545 548 279 279
0231_0957_0779_0259_0259.jpg 1 957 779 259 259
0232_0487_0633_0215_0215.jpg 1 487 633 215 215
0233_0944_0895_0191_0191.jpg 1 944 895 191 191
0234_0412_0043_0229_0229.jpg 1 412 43 229 229
0235_0297_0053_0247_0247.jpg 1 297 53 247 247
0236_0757_0957_0084_0084.jpg 1 757 957 84 84
0237_0083_0058_0147_0147.jpg 1 83 58 147 147
0238_0128_0130_0269_0269.jpg 1 128 130 269 269
0239_0205_0791_0290_0290.jpg 1 205 791 290 290
0240_1301_0655_0139_0139.jpg 1 1301 655 139 139
0241_0726_0797_0181_0181.jpg 1 726 797 181 181
0242_0339_1045_0171_0171.jpg 1 339 1045 171 171
0243_0000_0019_0255_0255.jpg 1 0 19 255 255
0244_0151_0140_0274_0274.jpg 1 151 140 274 274
0245_0317_0084_0200_0200.jpg 1 317 84 200 200
0246_0193_0380_0152_0152.jpg 1 193 380 152 152
0247_0218_0130_0289_0289.jpg 1 218 130 289 289
0248_0478_0367_0138_0138.jpg 1 478 367 138 138
0249_0437_0293_0126_0126.jpg 1 437 293 126 126
0250_0098_0254_0189_0189.jpg 1 98 254 189 189
0251_0242_0384_0247_0247.jpg 1 242 384 247 247
0252_1321_0514_0217_0217.jpg 1 1321 514 217 217
0253_0975_0636_0156_0156.jpg 1 975 636 156 156
0254_0092_0131_0207_0207.jpg 1 92 131 207 207
0255_0706_0057_0128_0128.jpg 1 706 57 128 128
0256_0589_0329_0118_0118.jpg 1 589 329 118 118
0257_0235_0159_0205_0205.jpg 1 235 159 205 205
0258_0087_0062_0167_0167.jpg 1 87 62 167 167
0259_0150_0424_0084_0084.jpg 1 150 424 84 84
0260_0727_0680_0105_0105.jpg 1 727 680 105 105
0261_0192_0144_0139_0139.jpg 1 192 144 139 139
0262_0085_0354_0145_0145.jpg 1 85 354 145 145
0263_0546_0234_0252_0252.jpg 1 546 234 252 252
0264_0504_0583_0221_0221.jpg 1 504 583 221 221
0265_0716_0830_0222_0222.jpg 1 716 830 222 222
0266_0096_0659_0155_0155.jpg 1 96 659 155 155
0267_0865_0105_0095_0095.jpg 1 865 105 95 95
0268_0495_0545_0206_0206.jpg 1 495 545 206 206
0269_0245_0227_0234_0234.jpg 1 245 227 234 234
0270_0119_0049_0236_0236.jpg 1 119 49 236 236
0271_0306_0090_0206_0206.jpg 1 306 90 206 206
0272_0413_0510_0077_0077.jpg 1 413 510 77 77
0273_0335_0429_0258_0258.jpg 1 335 429 258 258
0274_0101_0332_0072_0072.jpg 1 101 332 72 72
0275_0119_0163_0179_0179.jpg 1 119 163 179 179
0276_0250_0179_0142_0142.jpg 1 250 179 142 142
0277_0364_0048_0243_0243.jpg 1 364 48 243 243
0278_0761_1062_0131_0131.jpg 1 761 1062 131 131
0279_0733_0184_0123_0123.jpg 1 733 184 123 123
0280_1828_0371_0197_0197.jpg 1 1828 371 197 197
0281_0584_0373_0281_0281.jpg 1 584 373 281 281
0282_0133_0212_0186_0186.jpg 1 133 212 186 186
0283_0429_0216_0272_0272.jpg 1 429 216 272 272
0284_0105_0140_0101_0101.jpg 1 105 140 101 101
0285_1182_1268_0171_0171.jpg 1 1182 1268 171 171
0286_0138_0095_0287_0287.jpg 1 138 95 287 287
0287_0068_0100_0249_0249.jpg 1 68 100 249 249
0288_0269_0388_0135_0135.jpg 1 269 388 135 135
0289_0649_0808_0137_0137.jpg 1 649 808 137 137
0290_0164_0013_0256_0256.jpg 1 164 13 256 256
0291_0675_0422_0243_0243.jpg 1 675 422 243 243
0292_0090_0217_0252_0252.jpg 1 90 217 252 252
0293_0641_0431_0117_0117.jpg 1 641 431 117 117
0294_0081_0254_0259_0259.jpg 1 81 254 259 259
0295_0049_0029_0261_0261.jpg 1 49 29 261 261
0296_0494_0646_0073_0073.jpg 1 494 646 73 73
0297_0277_0134_0188_0188.jpg 1 277 134 188 188
0298_0043_0169_0285_0285.jpg 1 43 169 285 285
0299_0294_0215_0265_0265.jpg 1 294 215 265 265
0300_1035_0715_0253_0253.jpg 1 1035 715 253 253
0301_0105_0206_0256_0256.jpg 1 105 206 256 256
0302_0115_0092_0289_0289.jpg 1 115 92 289 289
0303_0237_0805_0287_0287.jpg 1 237 805 287 287
0304_0900_0299_0214_0214.jpg 1 900 299 214 214
0305_0284_0168_0109_0109.jpg 1 284 168 109 109
0306_0580_0725_0267_0267.jpg 1 580 725 267 267
0307_0095_0013_0253_0253.jpg 1 95 13 253 253
0308_0181_0255_0257_0257.jpg 1 181 255 257 257
0309_0264_0244_0278_0278.jpg 1 264 244 278 278
0310_0222_0230_0148_0148.jpg 1 222 230 148 148
0311_1314_1164_0095_0095.jpg 1 1314 1164 95 95
0312_0793_0601_0079_0079.jpg 1 793 601 79 79
0313_0392_0168_0092_0092.jpg 1 392 168 92 92
0314_0569_0260_0168_0168.jpg 1 569 260 168 168
0315_0123_0185_0237_0237.jpg 1 123 185 237 237
0316_0338_0599_0254_0254.jpg 1 338 599 254 254
0317_0426_0042_0274_0274.jpg 1 426 42 274 274
0318_0128_0283_0273_0273.jpg 1 128 283 273 273
0319_0250_0332_0077_0077.jpg 1 250 332 77 77
0320_0354_1392_0245_0245.jpg 1 354 1392 245 245
0321_0206_0335_0094_0094.jpg 1 206 335 94 94
0322_0382_0627_0103_0103.jpg 1 382 627 103 103
0323_0210_0453_0261_0261.jpg 1 210 453 261 261
0324_0712_0509_0254_0254.jpg 1 712 509 254 254
0325_0271_0222_0237_0237.jpg 1 271 222 237 237
0326_0165_0102_0180_0180.jpg 1 165 102 180 180
0327_1110_0539_0241_0241.jpg 1 1110 539 241 241
0328_0349_0135_0232_0232.jpg 1 349 135 232 232
0329_0132_0081_0220_0220.jpg 1 132 81 220 220
0330_2941_2217_0173_0173.jpg 1 2941 2217 173 173
0331_0402_0341_0155_0155.jpg 1 402 341 155 155
0332_0119_0187_0149_0149.jpg 1 119 187 149 149
0333_0056_0180_0127_0127.jpg 1 56 180 127 127
0334_0276_0085_0279_0279.jpg 1 276 85 279 279
0335_0141_0265_0075_0075.jpg 1 141 265 75 75
0336_0157_0096_0288_0288.jpg 1 157 96 288 288
0337_0074_0098_0228_0228.jpg 1 74 98 228 228
0338_3274_0627_0164_0164.jpg 1 3274 627 164 164
0339_0169_0184_0113_0113.jpg 1 169 184 113 113
0340_0208_0120_0127_0127.jpg 1 208 120 127 127
0341_0203_0243_0139_0139.jpg 1 203 243 139 139
0342_0503_0362_0196_0196.jpg 1 503 362 196 196
0343_0085_0393_0121_0121.jpg 1 85 393 121 121
0344_0095_0039_0277_0277.jpg 1 95 39 277 277
0345_0238_0181_0225_0225.jpg 1 238 181 225 225
0346_1678_0528_0113_0113.jpg 1 1678 528 113 113
0347_0106_0067_0183_0183.jpg 1 106 67 183 183
0348_0115_0167_0280_0280.jpg 1 115 167 280 280
0349_0181_0341_0245_0245.jpg 1 181 341 245 245
0350_0351_0477_0266_0266.jpg 1 351 477 266 266
0351_0950_0946_0204_0204.jpg 1 950 946 204 204
0352_0158_0223_0222_0222.jpg 1 158 223 222 222
0353_0212_0227_0087_0087.jpg 1 212 227 87 87
0354_0361_0322_0090_0090.jpg 1 361 322 90 90
0355_0013_0041_0289_0289.jpg 1 13 41 289 289
0356_0307_0067_0139_0139.jpg 1 307 67 139 139
0357_0076_0073_0199_0199.jpg 1 76 73 199 199
0358_0531_0487_0277_0277.jpg 1 531 487 277 277
0359_0052_0053_0212_0212.jpg 1 52 53 212 212
0360_0229_0124_0120_0120.jpg 1 229 124 120 120
0361_0904_0329_0218_0218.jpg 1 904 329 218 218
0362_3027_1491_0205_0205.jpg 1 3027 1491 205 205
0363_0113_0171_0192_0192.jpg 1 113 171 192 192
0364_0126_0344_0276_0276.jpg 1 126 344 276 276
0365_0296_0354_0101_0101.jpg 1 296 354 101 101
0366_0154_0167_0114_0114.jpg 1 154 167 114 114
0367_0466_0415_0121_0121.jpg 1 466 415 121 121
0368_0287_0570_0093_0093.jpg 1 287 570 93 93
0369_0589_0468_0206_0206.jpg 1 589 468 206 206
0370_0472_0320_0163_0163.jpg 1 472 320 163 163
0371_0521_0640_0111_0111.jpg 1 521 640 111 111
0372_0151_0038_0261_0261.jpg 1 151 38 261 261
0373_0154_0876_0174_0174.jpg 1 154 876 174 174
0374_0156_0126_0214_0214.jpg 1 156 126 214 214
0375_0461_0391_0197_0197.jpg 1 461 391 197 197
0376_0445_0670_0079_0079.jpg 1 445 670 79 79
0377_0294_0181_0182_0182.jpg 1 294 181 182 182
0378_0286_0188_0153_0153.jpg 1 286 188 153 153
0379_0111_0311_0126_0126.jpg 1 111 311 126 126
0380_0876_0340_0077_0077.jpg 1 876 340 77 77
0381_0051_0045_0171_0171.jpg 1 51 45 171 171
0382_0217_0127_0166_0166.jpg 1 217 127 166 166
0383_0258_0179_0134_0134.jpg 1 258 179 134 134
0384_0233_0222_0266_0266.jpg 1 233 222 266 266
0385_0327_0358_0204_0204.jpg 1 327 358 204 204
0386_0923_0218_0228_0228.jpg 1 923 218 228 228
0387_0201_0156_0245_0245.jpg 1 201 156 245 245
0388_1183_0440_0219_0219.jpg 1 1183 440 219 219
0389_0141_0226_0081_0081.jpg 1 141 226 81 81
0390_0342_0424_0226_0226.jpg 1 342 424 226 226
0391_0600_0560_0184_0184.jpg 1 600 560 184 184
0392_1084_0869_0207_0207.jpg 1 1084 869 207 207
0393_0028_0051_0168_0168.jpg 1 28 51 168 168
0394_0068_0119_0230_0230.jpg 1 68 119 230 230
0395_0076_0354_0252_0252.jpg 1 76 354 252 252
0396_0402_0279_0177_0177.jpg 1 402 279 177 177
0397_0230_0102_0284_0284.jpg 1 230 102 284 284
0398_0421_0208_0219_0219.jpg 1 421 208 219 219
0399_0272_0122_0200_0200.jpg 1 272 122 200 200
0400_0186_0059_0290_0290.jpg 1 186 59 290 290
0401_0422_0102_0223_0223.jpg 1 422 102 223 223
0402_0079_0222_0231_0231.jpg 1 79 222 231 231
0403_0163_0494_0154_0154.jpg 1 163 494 154 154
0404_0918_1434_0090_0090.jpg 1 918 1434 90 90
0405_0525_0177_0166_0166.jpg 1 525 177 166 166
0406_0044_0040_0232_0232.jpg 1 44 40 232 232
0407_0118_0151_0111_0111.jpg 1 118 151 111 111
0408_0911_0628_0073_0073.jpg 1 911 628 73 73
0409_0250_0016_0286_0286.jpg 1 250 16 286 286
0410_0370_0424_0117_0117.jpg 1 370 424 117 117
0411_0201_0177_0136_0136.jpg 1 201 177 136 136
0412_0600_0121_0115_0115.jpg 1 600 121 115 115
0413_0129_0937_0149_0149.jpg 1 129 937 149 149
0414_0128_0080_0278_0278.jpg 1 128 80 278 278
0415_0173_0103_0291_0291.jpg 1 173 103 291 291
0416_0064_0053_0122_0122.jpg 1 64 53 122 122
0417_0930_0381_0151_0151.jpg 1 930 381 151 151
0418_0420_0093_0152_0152.jpg 1 420 93 152 152
0419_0835_0949_0219_0219.jpg 1 835 949 219 219
0420_0289_0241_0194_0194.jpg 1 289 241 194 194
0421_0225_0451_0279_0279.jpg 1 225 451 279 279
0422_0145_0060_0267_0267.jpg 1 145 60 267 267
0423_0053_0214_0202_0202.jpg 1 53 214 202 202
0424_1525_0333_0084_0084.jpg 1 1525 333 84 84
0425_0468_0347_0245_0245.jpg 1 468 347 245 245
0426_0215_0060_0163_0163.jpg 1 215 60 163 163
0427_0116_0879_0267_0267.jpg 1 116 879 267 267
0428_0138_0124_0232_0232.jpg 1 138 124 232 232
0429_0540_0634_0145_0145.jpg 1 540 634 145 145
0430_0535_0248_0113_0113.jpg 1 535 248 113 113
0431_0387_0170_0106_0106.jpg 1 387 170 106 106
0432_0217_0049_0200_0200.jpg 1 217 49 200 200
0433_0258_0443_0101_0101.jpg 1 258 443 101 101
0434_0070_0125_0176_0176.jpg 1 70 125 176 176
0435_0589_0275_0186_0186.jpg 1 589 275 186 186
0436_0129_0266_0118_0118.jpg 1 129 266 118 118
0437_0716_0564_0240_0240.jpg 1 716 564 240 240
0438_0472_0857_0181_0181.jpg 1 472 857 181 181
0439_0867_0130_0265_0265.jpg 1 867 130 265 265
0440_0176_0186_0086_0086.jpg 1 176 186 86 86
0441_0961_0366_0235_0235.jpg 1 961 366 235 235
0442_0277_0243_0219_0219.jpg 1 277 243 219 219
0443_0142_0215_0172_0172.jpg 1 142 215 172 172
0444_0380_0541_0128_0128.jpg 1 380 541 128 128
0445_0637_0107_0233_0233.jpg 1 637 107 233 233
0446_0298_0062_0146_0146.jpg 1 298 62 146 146
0447_2508_0529_0171_0171.jpg 1 2508 529 171 171
0448_0228_0338_0283_0283.jpg 1 228 338 283 283
0449_2276_1416_0211_0211.jpg 1 2276 1416 211 211
0450_0437_0308_0244_0244.jpg 1 437 308 244 244
0451_0153_0076_0249_0249.jpg 1 153 76 249 249
0452_0570_0189_0261_0261.jpg 1 570 189 261 261
0453_0067_0203_0179_0179.jpg 1 67 203 179 179
0454_0108_0108_0121_0121.jpg 1 108 108 121 121
0455_0414_0364_0087_0087.jpg 1 414 364 87 87
0456_0262_0290_0100_0100.jpg 1 262 290 100 100
0457_0099_0258_0263_0263.jpg 1 99 258 263 263
0458_0493_0581_0235_0235.jpg 1 493 581 235 235
0459_0315_0511_0207_0207.jpg 1 315 511 207 207
0460_0455_0227_0239_0239.jpg 1 455 227 239 239
0461_0202_0049_0108_0108.jpg 1 202 49 108 108
0462_0310_0054_0183_0183.jpg 1 310 54 183 183
0463_0864_0700_0193_0193.jpg 1 864 700 193 193
0464_0044_0023_0277_0277.jpg 1 44 23 277 277
0465_0312_0116_0275_0275.jpg 1 312 116 275 275
0466_0194_0702_0073_0073.jpg 1 194 702 73 73
0467_0370_0389_0256_0256.jpg 1 370 389 256 256
0468_0236_0211_0084_0084.jpg 1 236 211 84 84
0469_0912_0384_0145_0145.jpg 1 912 384 145 145
0470_0535_0707_0278_0278.jpg 1 535 707 278 278
0471_0036_0213_0152_0152.jpg 1 36 213 152 152
0472_0099_0061_0076_0076.jpg 1 99 61 76 76
0473_0596_0529_0117_0117.jpg 1 596 529 117 117
0474_0564_0425_0117_0117.jpg 1 564 425 117 117
0475_0216_0176_0223_0223.jpg 1 216 176 223 223
0476_0532_0682_0088_0088.jpg 1 532 682 88 88
0477_0306_0101_0166_0166.jpg 1 306 101 166 166
0478_0464_0076_0231_0231.jpg 1 464 76 231 231
0479_0693_0640_0135_0135.jpg 1 693 640 135 135
0480_0214_0287_0109_0109.jpg 1 214 287 109 109
0481_0935_0289_0141_0141.jpg 1 935 289 141 141
0482_0677_0176_0104_0104.jpg 1 677 176 104 104
0483_0395_0050_0217_0217.jpg 1 395 50 217 217
0484_1003_0250_0260_0260.jpg 1 1003 250 260 260
0485_0484_0099_0150_0150.jpg 1 484 99 150 150
0486_0534_0657_0243_0243.jpg 1 534 657 243 243
0487_0601_0257_0159_0159.jpg 1 601 257 159 159
0488_0712_0166_0281_0281.jpg 1 712 166 281 281
0489_0530_0239_0268_0268.jpg 1 530 239 268 268
0490_0207_0120_0126_0126.jpg 1 207 120 126 126
0491_0273_0171_0145_0145.jpg 1 273 171 145 145
0492_0235_0030_0224_0224.jpg 1 235 30 224 224
0493_1065_0298_0156_0156.jpg 1 1065 298 156 156
0494_0075_0118_0263_0263.jpg 1 75 118 263 263
0495_0131_0066_0199_0199.jpg 1 131 66 199 199
0496_0110_0308_0169_0169.jpg 1 110 308 169 169
0497_0524_0132_0291_0291.jpg 1 524 132 291 291
0498_0271_0486_0238_0238.jpg 1 271 486 238 238
0499_0294_0053_0082_0082.jpg 1 294 53 82 82
0500_0242_0335_0241_0241.jpg 1 242 335 241 241
0501_0464_0016_0104_0104.jpg 1 464 16 104 104
0502_0215_0117_0269_0269.jpg 1 215 117 269 269
0503_0087_0307_0125_0125.jpg 1 87 307 125 125
0504_0425_0204_0080_0080.jpg 1 425 204 80 80
0505_0169_0096_0287_0287.jpg 1 169 96 287 287
0506_0345_0078_0073_0073.jpg 1 345 78 73 73
0507_1060_0577_0144_0144.jpg 1 1060 577 144 144
0508_0059_0229_0224_0224.jpg 1 59 229 224 224
0509_0114_0159_0204_0204.jpg 1 114 159 204 204
0510_0639_0245_0237_0237.jpg 1 639 245 237 237
0511_0326_0321_0139_0139.jpg 1 326 321 139 139
0512_0207_0089_0120_0120.jpg 1 207 89 120 120
0513_0602_0246_0146_0146.jpg 1 602 246 146 146
0514_0254_0627_0118_0118.jpg 1 254 627 118 118
0515_0306_0038_0132_0132.jpg 1 306 38 132 132
0516_0409_1355_0170_0170.jpg 1 409 1355 170 170
0517_0062_0083_0250_0250.jpg 1 62 83 250 250
0518_0377_0227_0109_0109.jpg 1 377 227 109 109
0519_0298_0517_0197_0197.jpg 1 298 517 197 197
0520_1446_0522_0109_0109.jpg 1 1446 522 109 109
0521_1327_0602_0204_0204.jpg 1 1327 602 204 204
0522_0102_0473_0244_0244.jpg 1 102 473 244 244
0523_0898_0256_0238_0238.jpg 1 898 256 238 238
0524_0054_0020_0281_0281.jpg 1 54 20 281 281
0525_0347_0354_0270_0270.jpg 1 347 354 270 270
0526_0305_0085_0079_0079.jpg 1 305 85 79 79
0527_0793_0654_0104_0104.jpg 1 793 654 104 104
0528_0408_0317_0093_0093.jpg 1 408 317 93 93
0529_0161_0210_0110_0110.jpg 1 161 210 110 110
0530_1216_0779_0149_0149.jpg 1 1216 779 149 149
0531_0861_0108_0270_0270.jpg 1 861 108 270 270
0532_0089_0344_0093_0093.jpg 1 89 344 93 93
0533_0327_0627_0098_0098.jpg 1 327 627 98 98
0534_0276_0050_0200_0200.jpg 1 276 50 200 200
0535_0256_0352_0153_0153.jpg 1 256 352 153 153
0536_0102_0162_0243_0243.jpg 1 102 162 243 243
0537_0835_0566_0165_0165.jpg 1 835 566 165 165
0538_0302_0251_0257_0257.jpg 1 302 251 257 257
0539_0313_0625_0073_0073.jpg 1 313 625 73 73
0540_0670_0628_0149_0149.jpg 1 670 628 149 149
0541_0190_0249_0275_0275.jpg 1 190 249 275 275
0542_0198_0036_0110_0110.jpg 1 198 36 110 110
0543_0231_0094_0106_0106.jpg 1 231 94 106 106
0544_0457_0138_0247_0247.jpg 1 457 138 247 247
0545_0342_0393_0226_0226.jpg 1 342 393 226 226
0546_0498_1473_0179_0179.jpg 1 498 1473 179 179
0547_0104_0203_0142_0142.jpg 1 104 203 142 142
0548_0261_0148_0266_0266.jpg 1 261 148 266 266
0549_0120_0929_0228_0228.jpg 1 120 929 228 228
0550_0236_0249_0087_0087.jpg 1 236 249 87 87
0551_0319_0114_0197_0197.jpg 1 319 114 197 197
0552_0176_0228_0092_0092.jpg 1 176 228 92 92
0553_0848_0125_0166_0166.jpg 1 848 125 166 166
0554_0210_0311_0146_0146.jpg 1 210 311 146 146
0555_0099_0671_0090_0090.jpg 1 99 671 90 90
0556_2050_0931_0259_0259.jpg 1 2050 931 259 259
0557_0745_0493_0248_0248.jpg 1 745 493 248 248
0558_0065_0020_0276_0276.jpg 1 65 20 276 276
0559_0096_0164_0232_0232.jpg 1 96 164 232 232
0560_0112_0202_0223_0223.jpg 1 112 202 223 223
0561_1452_0386_0135_0135.jpg 1 1452 386 135 135
0562_0977_0287_0150_0150.jpg 1 977 287 150 150
0563_0134_0251_0212_0212.jpg 1 134 251 212 212
0564_0056_0047_0196_0196.jpg 1 56 47 196 196
0565_0428_0132_0238_0238.jpg 1 428 132 238 238
0566_0659_1147_0093_0093.jpg 1 659 1147 93 93
0567_0168_0839_0154_0154.jpg 1 168 839 154 154
0568_0186_0073_0074_0074.jpg 1 186 73 74 74
0569_0522_0461_0171_0171.jpg 1 522 461 171 171
0570_0185_0636_0073_0073.jpg 1 185 636 73 73
0571_0521_0753_0109_0109.jpg 1 521 753 109 109
0572_0735_0967_0151_0151.jpg 1 735 967 151 151
0573_0298_0405_0101_0101.jpg 1 298 405 101 101
0574_0179_0034_0250_0250.jpg 1 179 34 250 250
0575_0755_0306_0129_0129.jpg 1 755 306 129 129
0576_0707_0465_0082_0082.jpg 1 707 465 82 82
0577_0409_0024_0188_0188.jpg 1 409 24 188 188
0578_0729_0177_0241_0241.jpg 1 729 177 241 241
0579_0516_0481_0239_0239.jpg 1 516 481 239 239
0580_0256_0217_0100_0100.jpg 1 256 217 100 100
0581_0055_0299_0121_0121.jpg 1 55 299 121 121
0582_0311_0411_0261_0261.jpg 1 311 411 261 261
0583_0407_0325_0072_0072.jpg 1 407 325 72 72
0584_0207_0522_0089_0089.jpg 1 207 522 89 89
0585_0348_0360_0153_0153.jpg 1 348 360 153 153
0586_0337_0269_0088_0088.jpg 1 337 269 88 88
0587_0085_0164_0223_0223.jpg 1 85 164 223 223
0588_0292_0180_0154_0154.jpg 1 292 180 154 154
0589_0533_0520_0099_0099.jpg 1 533 520 99 99
0590_0508_0122_0160_0160.jpg 1 508 122 160 160
0591_0085_0309_0112_0112.jpg 1 85 309 112 112
0592_0398_0375_0118_0118.jpg 1 398 375 118 118
0593_1230_0631_0154_0154.jpg 1 1230 631 154 154
0594_0451_0523_0075_0075.jpg 1 451 523 75 75
0595_0276_0717_0177_0177.jpg 1 276 717 177 177
0596_1063_0188_0136_0136.jpg 1 1063 188 136 136
0597_0413_0063_0089_0089.jpg 1 413 63 89 89
0598_0098_0181_0273_0273.jpg 1 98 181 273 273
0599_0674_0554_0272_0272.jpg 1 674 554 272 272
0600_0433_0141_0080_0080.jpg 1 433 141 80 80
0601_1464_0169_0148_0148.jpg 1 1464 169 148 148
0602_0950_0580_0144_0144.jpg 1 950 580 144 144
0603_0378_0408_0236_0236.jpg 1 378 408 236 236
0604_0789_0515_0194_0194.jpg 1 789 515 194 194
0605_0158_0051_0246_0246.jpg 1 158 51 246 246
0606_0326_0432_0081_0081.jpg 1 326 432 81 81
0607_0482_0253_0235_0235.jpg 1 482 253 235 235
0608_0089_0483_0105_0105.jpg 1 89 483 105 105
0609_1371_0437_0182_0182.jpg 1 1371 437 182 182
0610_0030_0380_0267_0267.jpg 1 30 380 267 267
0611_0335_0143_0106_0106.jpg 1 335 143 106 106
0612_0113_0218_0227_0227.jpg 1 113 218 227 227
0613_0290_0039_0146_0146.jpg 1 290 39 146 146
0614_0306_0196_0213_0213.jpg 1 306 196 213 213
0615_0519_0156_0193_0193.jpg 1 519 156 193 193
0616_0215_0088_0263_0263.jpg 1 215 88 263 263
0617_0744_0325_0291_0291.jpg 1 744 325 291 291
0618_0088_0235_0215_0215.jpg 1 88 235 215 215
0619_0361_0205_0252_0252.jpg 1 361 205 252 252
0620_0082_0136_0099_0099.jpg 1 82 136 99 99
0621_0131_0103_0250_0250.jpg 1 131 103 250 250
0622_0406_0615_0185_0185.jpg 1 406 615 185 185
0623_0732_0271_0082_0082.jpg 1 732 271 82 82
0624_0956_1160_0127_0127.jpg 1 956 1160 127 127
0625_0313_0218_0258_0258.jpg 1 313 218 258 258
0626_0462_0202_0217_0217.jpg 1 462 202 217 217
0627_0196_0635_0189_0189.jpg 1 196 635 189 189
0628_0278_0081_0263_0263.jpg 1 278 81 263 263
0629_0243_0688_0164_0164.jpg 1 243 688 164 164
0630_0774_0900_0136_0136.jpg 1 774 900 136 136
0631_0055_0028_0246_0246.jpg 1 55 28 246 246
0632_0290_0432_0076_0076.jpg 1 290 432 76 76
0633_0317_0086_0226_0226.jpg 1 317 86 226 226
0634_0579_0383_0119_0119.jpg 1 579 383 119 119
0635_0785_0210_0086_0086.jpg 1 785 210 86 86
0636_0643_0316_0197_0197.jpg 1 643 316 197 197
0637_0311_0102_0137_0137.jpg 1 311 102 137 137
0638_0246_0257_0150_0150.jpg 1 246 257 150 150
0639_0378_0526_0161_0161.jpg 1 378 526 161 161
0640_0234_0393_0277_0277.jpg 1 234 393 277 277
0641_0080_0047_0278_0278.jpg 1 80 47 278 278
0642_0295_0187_0187_0187.jpg 1 295 187 187 187
0643_0187_0198_0276_0276.jpg 1 187 198 276 276
0644_0267_0060_0226_0226.jpg 1 267 60 226 226
0645_0294_0064_0273_0273.jpg 1 294 64 273 273
0646_0147_0051_0271_0271.jpg 1 147 51 271 271
0647_0131_0135_0245_0245.jpg 1 131 135 245 245
0648_0627_0644_0225_0225.jpg 1 627 644 225 225
0649_0109_0321_0188_0188.jpg 1 109 321 188 188
0650_0309_0487_0144_0144.jpg 1 309 487 144 144
0651_0792_0422_0199_0199.jpg 1 792 422 199 199
0652_0549_0386_0150_0150.jpg 1 549 386 150 150
0653_0194_0273_0225_0225.jpg 1 194 273 225 225
0654_1016_0977_0151_0151.jpg 1 1016 977 151 151
0655_0193_0007_0260_0260.jpg 1 193 7 260 260
0656_0464_0345_0127_0127.jpg 1 464 345 127 127
0657_0217_0040_0209_0209.jpg 1 217 40 209 209
0658_1056_0477_0094_0094.jpg 1 1056 477 94 94
0659_0218_0083_0225_0225.jpg 1 218 83 225 225
0660_0187_0106_0162_0162.jpg 1 187 106 162 162
0661_0545_0247_0136_0136.jpg 1 545 247 136 136
0662_0076_0133_0099_0099.jpg 1 76 133 99 99
0663_0177_0588_0101_0101.jpg 1 177 588 101 101
0664_0162_0148_0099_0099.jpg 1 162 148 99 99
0665_0452_0099_0212_0212.jpg 1 452 99 212 212
0666_0140_0108_0137_0137.jpg 1 140 108 137 137
0667_0192_0183_0081_0081.jpg 1 192 183 81 81
0668_0872_1449_0166_0166.jpg 1 872 1449 166 166
0669_0186_0180_0098_0098.jpg 1 186 180 98 98
0670_0170_0143_0162_0162.jpg 1 170 143 162 162
0671_0271_0252_0126_0126.jpg 1 271 252 126 126
0672_0103_0252_0286_0286.jpg 1 103 252 286 286
0673_1255_0350_0140_0140.jpg 1 1255 350 140 140
0674_0261_0154_0121_0121.jpg 1 261 154 121 121
0675_0172_0217_0161_0161.jpg 1 172 217 161 161
0676_0142_0012_0282_0282.jpg 1 142 12 282 282
0677_0101_0037_0075_0075.jpg 1 101 37 75 75
0678_0418_0741_0128_0128.jpg 1 418 741 128 128
0679_0819_0565_0103_0103.jpg 1 819 565 103 103
0680_1218_0727_0199_0199.jpg 1 1218 727 199 199
0681_0378_0652_0150_0150.jpg 1 378 652 150 150
0682_0439_0656_0261_0261.jpg 1 439 656 261 261
0683_0159_0098_0247_0247.jpg 1 159 98 247 247
0684_0242_0581_0104_0104.jpg 1 242 581 104 104
0685_1045_1287_0226_0226.jpg 1 1045 1287 226 226
0686_0167_0571_0201_0201.jpg 1 167 571 201 201
0687_0226_0396_0154_0154.jpg 1 226 396 154 154
0688_0747_0184_0145_0145.jpg 1 747 184 145 145
0689_0749_0623_0221_0221.jpg 1 749 623 221 221
0690_0532_0279_0160_0160.jpg 1 532 279 160 160
0691_0547_0716_0207_0207.jpg 1 547 716 207 207
0692_0165_0045_0146_0146.jpg 1 165 45 146 146
0693_0127_0324_0148_0148.jpg 1 127 324 148 148
0694_0152_0244_0245_0245.jpg 1 152 244 245 245
0695_0163_0093_0125_0125.jpg 1 163 93 125 125
0696_0649_0364_0243_0243.jpg 1 649 364 243 243
0697_0172_0111_0170_0170.jpg 1 172 111 170 170
0698_0413_0003_0247_0247.jpg 1 413 3 247 247
0699_0256_0166_0270_0270.jpg 1 256 166 270 270
0700_0214_0229_0147_0147.jpg 1 214 229 147 147
0701_0251_0437_0266_0266.jpg 1 251 437 266 266
0702_0208_0638_0075_0075.jpg 1 208 638 75 75
0703_0530_0129_0225_0225.jpg 1 530 129 225 225
0704_0267_0106_0080_0080.jpg 1 267 106 80 80
0705_0210_0077_0198_0198.jpg 1 210 77 198 198
0706_0486_0225_0072_0072.jpg 1 486 225 72 72
0707_0407_0455_0076_0076.jpg 1 407 455 76 76
0708_0236_0071_0274_0274.jpg 1 236 71 274 274
0709_0149_0365_0149_0149.jpg 1 149 365 149 149
0710_0289_0280_0173_0173.jpg 1 289 280 173 173
0711_0084_0402_0287_0287.jpg 1 84 402 287 287
0712_0134_0719_0218_0218.jpg 1 134 719 218 218
0713_0654_0539_0233_0233.jpg 1 654 539 233 233
0714_0382_0037_0188_0188.jpg 1 382 37 188 188
0715_0112_0049_0188_0188.jpg 1 112 49 188 188
0716_0252_0154_0073_0073.jpg 1 252 154 73 73
0717_0259_0075_0254_0254.jpg 1 259 75 254 254
0718_0128_0378_0081_0081.jpg 1 128 378 81 81
0719_0546_0373_0161_0161.jpg 1 546 373 161 161
0720_0512_0207_0254_0254.jpg 1 512 207 254 254
0721_0233_0231_0136_0136.jpg 1 233 231 136 136
0722_0045_0245_0238_0238.jpg 1 45 245 238 238
0723_0371_0157_0081_0081.jpg 1 371 157 81 81
0724_0576_0660_0149_0149.jpg 1 576 660 149 149
0725_0365_0253_0274_0274.jpg 1 365 253 274 274
0726_0196_0570_0196_0196.jpg 1 196 570 196 196
0727_0221_0040_0191_0191.jpg 1 221 40 191 191
0728_0107_0178_0280_0280.jpg 1 107 178 280 280
0729_0320_0269_0152_0152.jpg 1 320 269 152 152
0730_1208_0349_0181_0181.jpg 1 1208 349 181 181
0731_0057_0195_0261_0261.jpg 1 57 195 261 261
0732_0692_0397_0192_0192.jpg 1 692 397 192 192
0733_0589_1200_0265_0265.jpg 1 589 1200 265 265
0734_0046_0163_0178_0178.jpg 1 46 163 178 178
0735_0210_0358_0083_0083.jpg 1 210 358 83 83
0736_0078_0123_0289_0289.jpg 1 78 123 289 289
0737_0183_0611_0249_0249.jpg 1 183 611 249 249
0738_0202_0358_0113_0113.jpg 1 202 358 113 113
0739_0323_0253_0091_0091.jpg 1 323 253 91 91
0740_1628_2324_0198_0198.jpg 1 1628 2324 198 198
0741_0207_0306_0100_0100.jpg 1 207 306 100 100
0742_0520_0551_0081_0081.jpg 1 520 551 81 81
0743_0271_0879_0169_0169.jpg 1 271 879 169 169
0744_0259_0173_0277_0277.jpg 1 259 173 277 277
0745_0540_0054_0123_0123.jpg 1 540 54 123 123
0746_0232_0206_0117_0117.jpg 1 232 206 117 117
0747_0240_0167_0281_0281.jpg 1 240 167 281 281
0748_0363_0310_0116_0116.jpg 1 363 310 116 116
0749_0619_0662_0249_0249.jpg 1 619 662 249 249
0750_0695_0454_0288_0288.jpg 1 695 454 288 288
0751_0924_0095_0235_0235.jpg 1 924 95 235 235
0752_3115_2464_0074_0074.jpg 1 3115 2464 74 74
0753_0212_0023_0126_0126.jpg 1 212 23 126 126
0754_0109_0173_0172_0172.jpg 1 109 173 172 172
0755_0652_0333_0272_0272.jpg 1 652 333 272 272
0756_0432_0418_0089_0089.jpg 1 432 418 89 89
0757_0849_0268_0233_0233.jpg 1 849 268 233 233
0758_0043_0214_0255_0255.jpg 1 43 214 255 255
0759_0287_0249_0198_0198.jpg 1 287 249 198 198
0760_0301_0331_0098_0098.jpg 1 301 331 98 98
0761_0232_0133_0101_0101.jpg 1 232 133 101 101
0762_0195_0035_0290_0290.jpg 1 195 35 290 290
0763_0193_0006_0202_0202.jpg 1 193 6 202 202
0764_0216_0181_0174_0174.jpg 1 216 181 174 174
0765_0134_0032_0176_0176.jpg 1 134 32 176 176
0766_0151_0091_0159_0159.jpg 1 151 91 159 159
0767_0545_0460_0103_0103.jpg 1 545 460 103 103
0768_0217_0122_0194_0194.jpg 1 217 122 194 194
0769_0744_0538_0138_0138.jpg 1 744 538 138 138
0770_0718_0421_0132_0132.jpg 1 718 421 132 132
0771_0384_0289_0092_0092.jpg 1 384 289 92 92
0772_0177_0417_0085_0085.jpg 1 177 417 85 85
0773_0132_0065_0284_0284.jpg 1 132 65 284 284
0774_0102_0050_0285_0285.jpg 1 102 50 285 285
0775_0248_0180_0144_0144.jpg 1 248 180 144 144
0776_0147_0283_0088_0088.jpg 1 147 283 88 88
0777_0416_0111_0191_0191.jpg 1 416 111 191 191
0778_0192_0028_0260_0260.jpg 1 192 28 260 260
0779_0080_0437_0237_0237.jpg 1 80 437 237 237
0780_0286_0068_0261_0261.jpg 1 286 68 261 261
0781_0204_0199_0228_0228.jpg 1 204 199 228 228
0782_0297_0495_0097_0097.jpg 1 297 495 97 97
0783_0265_0177_0120_0120.jpg 1 265 177 120 120
0784_0153_0769_0271_0271.jpg 1 153 769 271 271
0785_0778_0465_0094_0094.jpg 1 778 465 94 94
0786_0318_0390_0096_0096.jpg 1 318 390 96 96
0787_1320_0546_0259_0259.jpg 1 1320 546 259 259
0788_0612_0571_0198_0198.jpg 1 612 571 198 198
0789_1067_0215_0114_0114.jpg 1 1067 215 114 114
0790_0086_0032_0089_0089.jpg 1 86 32 89 89
0791_0116_0099_0193_0193.jpg 1 116 99 193 193
0792_0223_0195_0236_0236.jpg 1 223 195 236 236
0793_0111_0221_0165_0165.jpg 1 111 221 165 165
0794_0206_0291_0087_0087.jpg 1 206 291 87 87
0795_0210_0550_0236_0236.jpg 1 210 550 236 236
0796_0069_0049_0202_0202.jpg 1 69 49 202 202
0797_0221_0545_0104_0104.jpg 1 221 545 104 104
0798_0563_1041_0147_0147.jpg 1 563 1041 147 147
0799_0031_0039_0217_0217.jpg 1 31 39 217 217
0800_0273_0218_0075_0075.jpg 1 273 218 75 75
0801_0066_0162_0273_0273.jpg 1 66 162 273 273
0802_0124_0116_0275_0275.jpg 1 124 116 275 275
0803_0508_0150_0273_0273.jpg 1 508 150 273 273
0804_0559_0136_0095_0095.jpg 1 559 136 95 95
0805_0175_0240_0266_0266.jpg 1 175 240 266 266
0806_1335_0543_0148_0148.jpg 1 1335 543 148 148
0807_0454_0349_0075_0075.jpg 1 454 349 75 75
0808_0229_0183_0100_0100.jpg 1 229 183 100 100
0809_0126_0154_0083_0083.jpg 1 126 154 83 83
0810_0193_0073_0182_0182.jpg 1 193 73 182 182
0811_0236_0290_0197_0197.jpg 1 236 290 197 197
0812_0579_0370_0247_0247.jpg 1 579 370 247 247
0813_0538_1703_0142_0142.jpg 1 538 1703 142 142
0814_0172_0051_0157_0157.jpg 1 172 51 157 157
0815_0154_0036_0226_0226.jpg 1 154 36 226 226
0816_0070_0087_0269_0269.jpg 1 70 87 269 269
0817_0173_0272_0150_0150.jpg 1 173 272 150 150
0818_0342_0134_0140_0140.jpg 1 342 134 140 140
0819_0130_0213_0162_0162.jpg 1 130 213 162 162
0820_0207_0401_0144_0144.jpg 1 207 401 144 144
0821_0091_0178_0135_0135.jpg 1 91 178 135 135
0822_0098_0368_0203_0203.jpg 1 98 368 203 203
0823_0724_0340_0266_0266.jpg 1 724 340 266 266
0824_0066_0045_0216_0216.jpg 1 66 45 216 216
0825_0118_0096_0214_0214.jpg 1 118 96 214 214
0826_0429_0280_0143_0143.jpg 1 429 280 143 143
0827_0274_0413_0180_0180.jpg 1 274 413 180 180
0828_0148_0125_0282_0282.jpg 1 148 125 282 282
0829_0102_0051_0255_0255.jpg 1 102 51 255 255
0830_0075_0580_0146_0146.jpg 1 75 580 146 146
0831_0176_0180_0178_0178.jpg 1 176 180 178 178
0832_0517_0270_0196_0196.jpg 1 517 270 196 196
0833_0348_0089_0082_0082.jpg 1 348 89 82 82
0834_0588_0914_0134_0134.jpg 1 588 914 134 134
0835_0391_0541_0112_0112.jpg 1 391 541 112 112
0836_0213_0072_0195_0195.jpg 1 213 72 195 195
0837_0146_0356_0150_0150.jpg 1 146 356 150 150
0838_0159_0152_0083_0083.jpg 1 159 152 83 83
0839_0539_1000_0227_0227.jpg 1 539 1000 227 227
0840_0043_0201_0073_0073.jpg 1 43 201 73 73
0841_0761_0126_0148_0148.jpg 1 761 126 148 148
0842_0074_0231_0269_0269.jpg 1 74 231 269 269
0843_0450_0382_0124_0124.jpg 1 450 382 124 124
0844_0744_0072_0115_0115.jpg 1 744 72 115 115
0845_1092_0736_0217_0217.jpg 1 1092 736 217 217
0846_0145_0038_0117_0117.jpg 1 145 38 117 117
0847_0288_0067_0214_0214.jpg 1 288 67 214 214
0848_0171_0213_0075_0075.jpg 1 171 213 75 75
0849_0091_0221_0129_0129.jpg 1 91 221 129 129
0850_0631_0690_0083_0083.jpg 1 631 690 83 83
0851_0133_0183_0235_0235.jpg 1 133 183 235 235
0852_0065_0156_0138_0138.jpg 1 65 156 138 138
0853_0165_0369_0114_0114.jpg 1 165 369 114 114
0854_0207_0122_0150_0150.jpg 1 207 122 150 150
0855_0283_0150_0194_0194.jpg 1 283 150 194 194
0856_0158_0570_0145_0145.jpg 1 158 570 145 145
0857_0120_0192_0224_0224.jpg 1 120 192 224 224
0858_0155_0369_0107_0107.jpg 1 155 369 107 107
0859_0163_0304_0236_0236.jpg 1 163 304 236 236
0860_1323_0399_0275_0275.jpg 1 1323 399 275 275
0861_0098_0201_0078_0078.jpg 1 98 201 78 78
0862_0317_0099_0091_0091.jpg 1 317 99 91 91
0863_2268_1830_0223_0223.jpg 1 2268 1830 223 223
0864_0171_0395_0282_0282.jpg 1 171 395 282 282
0865_0108_0054_0196_0196.jpg 1 108 54 196 196
0866_0726_0310_0213_0213.jpg 1 726 310 213 213
0867_0271_0110_0157_0157.jpg 1 271 110 157 157
0868_0036_0112_0166_0166.jpg 1 36 112 166 166
0869_0127_0086_0113_0113.jpg 1 127 86 113 113
0870_0832_0084_0223_0223.jpg 1 832 84 223 223
0871_0466_0357_0149_0149.jpg 1 466 357 149 149
0872_0126_0114_0186_0186.jpg 1 126 114 186 186
0873_0647_0430_0084_0084.jpg 1 647 430 84 84
0874_0229_0174_0206_0206.jpg 1 229 174 206 206
0875_0549_0227_0101_0101.jpg 1 549 227 101 101
0876_0118_0053_0147_0147.jpg 1 118 53 147 147
0877_0175_0094_0222_0222.jpg 1 175 94 222 222
0878_0663_0918_0173_0173.jpg 1 663 918 173 173
0879_0204_0204_0195_0195.jpg 1 204 204 195 195
0880_0618_0266_0288_0288.jpg 1 618 266 288 288
0881_3039_0564_0272_0272.jpg 1 3039 564 272 272
0882_0559_0311_0214_0214.jpg 1 559 311 214 214
0883_0442_0409_0255_0255.jpg 1 442 409 255 255
0884_0112_0127_0226_0226.jpg 1 112 127 226 226
0885_0194_0091_0102_0102.jpg 1 194 91 102 102
0886_0397_0475_0273_0273.jpg 1 397 475 273 273
0887_0204_0290_0286_0286.jpg 1 204 290 286 286
0888_0229_0174_0258_0258.jpg 1 229 174 258 258
0889_0164_0160_0262_0262.jpg 1 164 160 262 262
0890_0557_0608_0149_0149.jpg 1 557 608 149 149
0891_0223_0482_0090_0090.jpg 1 223 482 90 90
0892_0451_0200_0172_0172.jpg 1 451 200 172 172
0893_0210_0403_0105_0105.jpg 1 210 403 105 105
0894_0213_0209_0257_0257.jpg 1 213 209 257 257
0895_0737_0487_0072_0072.jpg 1 737 487 72 72
0896_0525_0697_0127_0127.jpg 1 525 697 127 127
0897_0582_0343_0229_0229.jpg 1 582 343 229 229
0898_0022_0161_0275_0275.jpg 1 22 161 275 275
0899_0102_0066_0260_0260.jpg 1 102 66 260 260
0900_0316_0283_0086_0086.jpg 1 316 283 86 86
0901_0043_0141_0277_0277.jpg 1 43 141 277 277
0902_0441_0194_0168_0168.jpg 1 441 194 168 168
0903_0374_0161_0094_0094.jpg 1 374 161 94 94
0904_0429_0301_0204_0204.jpg 1 429 301 204 204
0905_0286_0522_0241_0241.jpg 1 286 522 241 241
0906_0553_0332_0079_0079.jpg 1 553 332 79 79
0907_1194_0302_0091_0091.jpg 1 1194 302 91 91
0908_0077_0407_0080_0080.jpg 1 77 407 80 80
0909_0180_0217_0087_0087.jpg 1 180 217 87 87
0910_0052_0193_0231_0231.jpg 1 52 193 231 231
0911_0057_0107_0236_0236.jpg 1 57 107 236 236
0912_0399_0412_0109_0109.jpg 1 399 412 109 109
0913_0061_0282_0159_0159.jpg 1 61 282 159 159
0914_0175_0189_0152_0152.jpg 1 175 189 152 152
0915_0422_0133_0255_0255.jpg 1 422 133 255 255
0916_0171_0676_0072_0072.jpg 1 171 676 72 72
0917_0402_0432_0143_0143.jpg 1 402 432 143 143
0918_0392_0204_0138_0138.jpg 1 392 204 138 138
0919_1319_0512_0154_0154.jpg 1 1319 512 154 154
0920_0404_0133_0099_0099.jpg 1 404 133 99 99
0921_0097_0090_0163_0163.jpg 1 97 90 163 163
0922_0738_0146_0079_0079.jpg 1 738 146 79 79
0923_0583_0616_0254_0254.jpg 1 583 616 254 254
0924_0391_1343_0228_0228.jpg 1 391 1343 228 228
0925_0120_0553_0232_0232.jpg 1 120 553 232 232
0926_0073_0213_0200_0200.jpg 1 73 213 200 200
0927_0054_0028_0225_0225.jpg 1 54 28 225 225
0928_0274_0219_0124_0124.jpg 1 274 219 124 124
0929_0348_0265_0175_0175.jpg 1 348 265 175 175
0930_0272_0172_0134_0134.jpg 1 272 172 134 134
0931_0548_0769_0215_0215.jpg 1 548 769 215 215
0932_0529_0337_0092_0092.jpg 1 529 337 92 92
0933_0118_0097_0095_0095.jpg 1 118 97 95 95
0934_0717_0177_0135_0135.jpg 1 717 177 135 135
0935_1046_0540_0174_0174.jpg 1 1046 540 174 174
0936_0517_0322_0221_0221.jpg 1 517 322 221 221
0937_0407_0121_0100_0100.jpg 1 407 121 100 100
0938_0674_0507_0147_0147.jpg 1 674 507 147 147
0939_0309_0136_0153_0153.jpg 1 309 136 153 153
0940_0593_0298_0271_0271.jpg 1 593 298 271 271
0941_0861_0725_0081_0081.jpg 1 861 725 81 81
0942_0203_0449_0193_0193.jpg 1 203 449 193 193
0943_0087_0229_0104_0104.jpg 1 87 229 104 104
0944_0294_0292_0106_0106.jpg 1 294 292 106 106
0945_0150_0142_0191_0191.jpg 1 150 142 191 191
0946_0062_0192_0252_0252.jpg 1 62 192 252 252
0947_0093_0121_0270_0270.jpg 1 93 121 270 270
0948_0644_0399_0138_0138.jpg 1 644 399 138 138
0949_0226_0131_0090_0090.jpg 1 226 131 90 90
0950_0105_0140_0235_0235.jpg 1 105 140 235 235
0951_0340_0745_0240_0240.jpg 1 340 745 240 240
0952_0592_0195_0245_0245.jpg 1 592 195 245 245
0953_0858_0978_0168_0168.jpg 1 858 978 168 168
0954_0292_0284_0082_0082.jpg 1 292 284 82 82
0955_0224_0428_0200_0200.jpg 1 224 428 200 200
0956_0027_0285_0157_0157.jpg 1 27 285 157 157
0957_1396_0668_0214_0214.jpg 1 1396 668 214 214
0958_0222_0044_0102_0102.jpg 1 222 44 102 102
0959_0936_0568_0118_0118.jpg 1 936 568 118 118
0960_0158_0093_0281_0281.jpg 1 158 93 281 281
0961_0785_0365_0114_0114.jpg 1 785 365 114 114
0962_0096_0306_0115_0115.jpg 1 96 306 115 115
0963_0490_0221_0255_0255.jpg 1 490 221 255 255
0964_0056_0160_0189_0189.jpg 1 56 160 189 189
0965_1666_0749_0142_0142.jpg 1 1666 749 142 142
0966_3365_0888_0218_0218.jpg 1 3365 888 218 218
0967_0426_0278_0125_0125.jpg 1 426 278 125 125
0968_0365_0642_0102_0102.jpg 1 365 642 102 102
0969_0146_0313_0100_0100.jpg 1 146 313 100 100
0970_0302_0511_0097_0097.jpg 1 302 511 97 97
0971_0030_0134_0258_0258.jpg 1 30 134 258 258
0972_0654_0363_0282_0282.jpg 1 654 363 282 282
0973_0348_0201_0179_0179.jpg 1 348 201 179 179
0974_0192_0130_0133_0133.jpg 1 192 130 133 133
0975_0123_0433_0097_0097.jpg 1 123 433 97 97
0976_0288_0157_0287_0287.jpg 1 288 157 287 287
0977_0577_0077_0270_0270.jpg 1 577 77 270 270
0978_0578_0572_0205_0205.jpg 1 578 572 205 205
0979_0389_0109_0282_0282.jpg 1 389 109 282 282
0980_0223_0371_0086_0086.jpg 1 223 371 86 86
0981_0142_0159_0278_0278.jpg 1 142 159 278 278
0982_0324_0400_0079_0079.jpg 1 324 400 79 79
0983_0497_0459_0172_0172.jpg 1 497 459 172 172
0984_0324_0626_0262_0262.jpg 1 324 626 262 262
0985_1107_0313_0237_0237.jpg 1 1107 313 237 237
0986_0770_0191_0227_0227.jpg 1 770 191 227 227
0987_0433_0096_0282_0282.jpg 1 433 96 282 282
0988_0210_0203_0079_0079.jpg 1 210 203 79 79
0989_0914_0360_0281_0281.jpg 1 914 360 281 281
0990_0402_0853_0090_0090.jpg 1 402 853 90 90
0991_0359_0109_0225_0225.jpg 1 359 109 225 225
0992_0354_0374_0126_0126.jpg 1 354 374 126 126
0993_0245_0253_0261_0261.jpg 1 245 253 261 261
0994_0199_0154_0121_0121.jpg 1 199 154 121 121
0995_0172_0178_0268_0268.jpg 1 172 178 268 268
0996_0423_0574_0127_0127.jpg 1 423 574 127 127
0997_0227_0297_0102_0102.jpg 1 227 297 102 102
0998_0146_0241_0188_0188.jpg 1 146 241 188 188
0999_0118_0321_0168_0168.jpg 1 118 321 168 168
1000_0178_0149_0231_0231.jpg 1 178 149 231 231
