0001_0035_0018_0123_0123.jpg 1 35 18 123 123
0002_0018_0088_0097_0097.jpg 1 18 88 97 97
0003_0069_0016_0110_0110.jpg 1 69 16 110 110
0004_0062_0006_0119_0119.jpg 1 62 6 119 119
0005_0042_0047_0108_0108.jpg 1 42 47 108 108
0006_0076_0013_0104_0104.jpg 1 76 13 104 104
0007_0033_0065_0129_0129.jpg 1 33 65 129 129
0008_0126_0066_0083_0083.jpg 1 126 66 83 83
0009_0090_0025_0128_0128.jpg 1 90 25 128 128
0010_0108_0033_0124_0124.jpg 1 108 33 124 124
0011_0023_0094_0114_0114.jpg 1 23 94 114 114
0012_0051_0030_0115_0115.jpg 1 51 30 115 115
0013_0110_0053_0072_0072.jpg 1 110 53 72 72
0014_0083_0016_0082_0082.jpg 1 83 16 82 82
0015_0162_0012_0097_0097.jpg 1 162 12 97 97
0016_0094_0058_0082_0082.jpg 1 94 58 82 82
0017_0080_0008_0134_0134.jpg 1 80 8 134 134
0018_0065_0008_0121_0121.jpg 1 65 8 121 121
0019_0088_0064_0081_0081.jpg 1 88 64 81 81
0020_0073_0035_0134_0134.jpg 1 73 35 134 134
0021_0020_0077_0127_0127.jpg 1 20 77 127 127
0022_0111_0015_0084_0084.jpg 1 111 15 84 84
0023_0043_0026_0102_0102.jpg 1 43 26 102 102
0024_0050_0048_0132_0132.jpg 1 50 48 132 132
0025_0027_0073_0127_0127.jpg 1 27 73 127 127
0026_0039_0028_0128_0128.jpg 1 39 28 128 128
0027_0029_0014_0076_0076.jpg 1 29 14 76 76
0028_0066_0011_0129_0129.jpg 1 66 11 129 129
0029_0076_0040_0124_0124.jpg 1 76 40 124 124
0030_0060_0013_0109_0109.jpg 1 60 13 109 109
0031_0099_0024_0131_0131.jpg 1 99 24 131 131
0032_0064_0039_0118_0118.jpg 1 64 39 118 118
0033_0078_0006_0128_0128.jpg 1 78 6 128 128
0034_0070_0085_0107_0107.jpg 1 70 85 107 107
0035_0094_0091_0094_0094.jpg 1 94 91 94 94
0036_0067_0022_0128_0128.jpg 1 67 22 128 128
0037_0032_0037_0120_0120.jpg 1 32 37 120 120
0038_0083_0032_0127_0127.jpg 1 83 32 127 127
0039_0080_0033_0112_0112.jpg 1 80 33 112 112
0040_0024_0024_0079_0079.jpg 1 24 24 79 79
0041_0122_0023_0107_0107.jpg 1 122 23 107 107
0042_0030_0013_0115_0115.jpg 1 30 13 115 115
0043_0029_0019_0085_0085.jpg 1 29 19 85 85
0044_0069_0009_0117_0117.jpg 1 69 9 117 117
0045_0036_0034_0107_0107.jpg 1 36 34 107 107
0046_0021_0090_0100_0100.jpg 1 21 90 100 100
0047_0060_0029_0133_0133.jpg 1 60 29 133 133
0048_0131_0039_0081_0081.jpg 1 131 39 81 81
0049_0130_0090_0072_0072.jpg 1 130 90 72 72
0050_0106_0053_0112_0112.jpg 1 106 53 112 112
0051_0027_0058_0073_0073.jpg 1 27 58 73 73
0052_0128_0012_0092_0092.jpg 1 128 12 92 92
0053_0018_0039_0090_0090.jpg 1 18 39 90 90
0054_0037_0056_0105_0105.jpg 1 37 56 105 105
0055_0080_0034_0118_0118.jpg 1 80 34 118 118
0056_0091_0015_0094_0094.jpg 1 91 15 94 94
0057_0106_0020_0115_0115.jpg 1 106 20 115 115
0058_0100_0030_0078_0078.jpg 1 100 30 78 78
0059_0070_0072_0082_0082.jpg 1 70 72 82 82
0060_0058_0045_0102_0102.jpg 1 58 45 102 102
0061_0096_0028_0130_0130.jpg 1 96 28 130 130
0062_0018_0077_0074_0074.jpg 1 18 77 74 74
0063_0102_0029_0084_0084.jpg 1 102 29 84 84
0064_0047_0060_0102_0102.jpg 1 47 60 102 102
0065_0044_0089_0107_0107.jpg 1 44 89 107 107
0066_0140_0010_0122_0122.jpg 1 140 10 122 122
0067_0035_0028_0111_0111.jpg 1 35 28 111 111
0068_0038_0046_0076_0076.jpg 1 38 46 76 76
0069_0058_0071_0073_0073.jpg 1 58 71 73 73
0070_0102_0060_0080_0080.jpg 1 102 60 80 80
0071_0072_0060_0107_0107.jpg 1 72 60 107 107
0072_0105_0036_0132_0132.jpg 1 105 36 132 132
0073_0071_0019_0104_0104.jpg 1 71 19 104 104
0074_0058_0014_0123_0123.jpg 1 58 14 123 123
0075_0078_0023_0124_0124.jpg 1 78 23 124 124
0076_0038_0031_0134_0134.jpg 1 38 31 134 134
0077_0022_0044_0125_0125.jpg 1 22 44 125 125
0078_0152_0012_0097_0097.jpg 1 152 12 97 97
0079_0013_0062_0131_0131.jpg 1 13 62 131 131
0080_0157_0017_0088_0088.jpg 1 157 17 88 88
0081_0038_0072_0089_0089.jpg 1 38 72 89 89
0082_0044_0035_0129_0129.jpg 1 44 35 129 129
0083_0037_0029_0088_0088.jpg 1 37 29 88 88
0084_0108_0041_0129_0129.jpg 1 108 41 129 129
0085_0121_0014_0103_0103.jpg 1 121 14 103 103
0086_0019_0040_0112_0112.jpg 1 19 40 112 112
0087_0125_0064_0088_0088.jpg 1 125 64 88 88
0088_0042_0059_0079_0079.jpg 1 42 59 79 79
0089_0082_0064_0105_0105.jpg 1 82 64 105 105
0090_0041_0055_0123_0123.jpg 1 41 55 123 123
0091_0077_0042_0102_0102.jpg 1 77 42 102 102
0092_0034_0033_0102_0102.jpg 1 34 33 102 102
0093_0083_0035_0123_0123.jpg 1 83 35 123 123
0094_0118_0020_0112_0112.jpg 1 118 20 112 112
0095_0084_0035_0117_0117.jpg 1 84 35 117 117
0096_0050_0012_0115_0115.jpg 1 50 12 115 115
0097_0101_0026_0126_0126.jpg 1 101 26 126 126
0098_0043_0025_0134_0134.jpg 1 43 25 134 134
0099_0043_0090_0093_0093.jpg 1 43 90 93 93
0100_0024_0092_0100_0100.jpg 1 24 92 100 100
0101_0068_0040_0111_0111.jpg 1 68 40 111 111
0102_0127_0035_0079_0079.jpg 1 127 35 79 79
0103_0071_0010_0083_0083.jpg 1 71 10 83 83
0104_0056_0012_0110_0110.jpg 1 56 12 110 110
0105_0048_0028_0135_0135.jpg 1 48 28 135 135
0106_0089_0040_0113_0113.jpg 1 89 40 113 113
0107_0039_0054_0121_0121.jpg 1 39 54 121 121
0108_0027_0103_0077_0077.jpg 1 27 103 77 77
0109_0073_0025_0123_0123.jpg 1 73 25 123 123
0110_0148_0029_0089_0089.jpg 1 148 29 89 89
0111_0143_0056_0074_0074.jpg 1 143 56 74 74
0112_0065_0049_0108_0108.jpg 1 65 49 108 108
0113_0141_0020_0096_0096.jpg 1 141 20 96 96
0114_0032_0019_0123_0123.jpg 1 32 19 123 123
0115_0142_0040_0095_0095.jpg 1 142 40 95 95
0116_0040_0046_0121_0121.jpg 1 40 46 121 121
0117_0040_0045_0076_0076.jpg 1 40 45 76 76
0118_0095_0043_0095_0095.jpg 1 95 43 95 95
0119_0033_0041_0118_0118.jpg 1 33 41 118 118
0120_0026_0039_0119_0119.jpg 1 26 39 119 119
0121_0046_0033_0110_0110.jpg 1 46 33 110 110
0122_0018_0060_0123_0123.jpg 1 18 60 123 123
0123_0106_0031_0119_0119.jpg 1 106 31 119 119
0124_0084_0013_0087_0087.jpg 1 84 13 87 87
0125_0068_0009_0106_0106.jpg 1 68 9 106 106
0126_0095_0079_0078_0078.jpg 1 95 79 78 78
0127_0081_0057_0093_0093.jpg 1 81 57 93 93
0128_0048_0045_0103_0103.jpg 1 48 45 103 103
0129_0162_0055_0091_0091.jpg 1 162 55 91 91
0130_0084_0017_0095_0095.jpg 1 84 17 95 95
0131_0037_0034_0129_0129.jpg 1 37 34 129 129
0132_0069_0052_0098_0098.jpg 1 69 52 98 98
0133_0153_0059_0092_0092.jpg 1 153 59 92 92
0134_0115_0029_0103_0103.jpg 1 115 29 103 103
0135_0115_0095_0077_0077.jpg 1 115 95 77 77
0136_0147_0058_0083_0083.jpg 1 147 58 83 83
0137_0130_0031_0083_0083.jpg 1 130 31 83 83
0138_0086_0037_0086_0086.jpg 1 86 37 86 86
0139_0075_0084_0101_0101.jpg 1 75 84 101 101
0140_0026_0063_0077_0077.jpg 1 26 63 77 77
0141_0088_0020_0101_0101.jpg 1 88 20 101 101
0142_0085_0014_0117_0117.jpg 1 85 14 117 117
0143_0125_0042_0083_0083.jpg 1 125 42 83 83
0144_0068_0030_0091_0091.jpg 1 68 30 91 91
0145_0096_0027_0103_0103.jpg 1 96 27 103 103
0146_0062_0013_0133_0133.jpg 1 62 13 133 133
0147_0111_0017_0131_0131.jpg 1 111 17 131 131
0148_0071_0018_0107_0107.jpg 1 71 18 107 107
0149_0123_0049_0095_0095.jpg 1 123 49 95 95
0150_0050_0032_0088_0088.jpg 1 50 32 88 88
0151_0136_0075_0086_0086.jpg 1 136 75 86 86
0152_0017_0016_0114_0114.jpg 1 17 16 114 114
0153_0107_0022_0099_0099.jpg 1 107 22 99 99
0154_0081_0018_0128_0128.jpg 1 81 18 128 128
0155_0137_0034_0115_0115.jpg 1 137 34 115 115
0156_0052_0032_0120_0120.jpg 1 52 32 120 120
0157_0033_0019_0118_0118.jpg 1 33 19 118 118
0158_0061_0006_0129_0129.jpg 1 61 6 129 129
0159_0132_0067_0097_0097.jpg 1 132 67 97 97
0160_0071_0034_0094_0094.jpg 1 71 34 94 94
0161_0037_0040_0076_0076.jpg 1 37 40 76 76
0162_0018_0107_0076_0076.jpg 1 18 107 76 76
0163_0114_0024_0120_0120.jpg 1 114 24 120 120
0164_0020_0017_0113_0113.jpg 1 20 17 113 113
0165_0030_0050_0107_0107.jpg 1 30 50 107 107
0166_0157_0016_0086_0086.jpg 1 157 16 86 86
0167_0073_0085_0077_0077.jpg 1 73 85 77 77
0168_0035_0059_0078_0078.jpg 1 35 59 78 78
0169_0070_0060_0074_0074.jpg 1 70 60 74 74
0170_0036_0007_0116_0116.jpg 1 36 7 116 116
0171_0063_0016_0113_0113.jpg 1 63 16 113 113
0172_0156_0026_0086_0086.jpg 1 156 26 86 86
0173_0028_0003_0120_0120.jpg 1 28 3 120 120
0174_0078_0083_0082_0082.jpg 1 78 83 82 82
0175_0026_0053_0133_0133.jpg 1 26 53 133 133
0176_0043_0021_0085_0085.jpg 1 43 21 85 85
0177_0147_0032_0085_0085.jpg 1 147 32 85 85
0178_0133_0064_0091_0091.jpg 1 133 64 91 91
0179_0048_0032_0109_0109.jpg 1 48 32 109 109
0180_0015_0112_0076_0076.jpg 1 15 112 76 76
0181_0145_0025_0093_0093.jpg 1 145 25 93 93
0182_0034_0023_0135_0135.jpg 1 34 23 135 135
0183_0051_0056_0074_0074.jpg 1 51 56 74 74
0184_0031_0021_0096_0096.jpg 1 31 21 96 96
0185_0030_0060_0110_0110.jpg 1 30 60 110 110
0186_0022_0031_0095_0095.jpg 1 22 31 95 95
0187_0049_0074_0111_0111.jpg 1 49 74 111 111
0188_0031_0040_0121_0121.jpg 1 31 40 121 121
0189_0054_0044_0089_0089.jpg 1 54 44 89 89
0190_0024_0154_0081_0081.jpg 1 24 154 81 81
0191_0094_0045_0121_0121.jpg 1 94 45 121 121
0192_0079_0022_0089_0089.jpg 1 79 22 89 89
0193_0046_0013_0131_0131.jpg 1 46 13 131 131
0194_0080_0019_0135_0135.jpg 1 80 19 135 135
0195_0033_0035_0080_0080.jpg 1 33 35 80 80
0196_0093_0043_0129_0129.jpg 1 93 43 129 129
0197_0027_0033_0093_0093.jpg 1 27 33 93 93
0198_0103_0067_0104_0104.jpg 1 103 67 104 104
0199_0105_0047_0104_0104.jpg 1 105 47 104 104
0200_0023_0019_0120_0120.jpg 1 23 19 120 120
0201_0090_0032_0109_0109.jpg 1 90 32 109 109
0202_0048_0053_0102_0102.jpg 1 48 53 102 102
0203_0035_0031_0135_0135.jpg 1 35 31 135 135
0204_0050_0023_0113_0113.jpg 1 50 23 113 113
0205_0032_0070_0100_0100.jpg 1 32 70 100 100
0206_0064_0007_0130_0130.jpg 1 64 7 130 130
0207_0069_0030_0119_0119.jpg 1 69 30 119 119
0208_0029_0030_0126_0126.jpg 1 29 30 126 126
0209_0059_0038_0134_0134.jpg 1 59 38 134 134
0210_0065_0045_0078_0078.jpg 1 65 45 78 78
0211_0067_0020_0076_0076.jpg 1 67 20 76 76
0212_0083_0043_0121_0121.jpg 1 83 43 121 121
0213_0051_0037_0073_0073.jpg 1 51 37 73 73
0214_0129_0009_0131_0131.jpg 1 129 9 131 131
0215_0100_0064_0100_0100.jpg 1 100 64 100 100
0216_0052_0061_0101_0101.jpg 1 52 61 101 101
0217_0136_0050_0103_0103.jpg 1 136 50 103 103
0218_0073_0024_0118_0118.jpg 1 73 24 118 118
0219_0191_0030_0088_0088.jpg 1 191 30 88 88
0220_0036_0105_0096_0096.jpg 1 36 105 96 96
0221_0127_0025_0087_0087.jpg 1 127 25 87 87
0222_0152_0008_0105_0105.jpg 1 152 8 105 105
0223_0027_0029_0075_0075.jpg 1 27 29 75 75
0224_0125_0033_0114_0114.jpg 1 125 33 114 114
0225_0027_0020_0108_0108.jpg 1 27 20 108 108
0226_0135_0004_0113_0113.jpg 1 135 4 113 113
0227_0136_0050_0097_0097.jpg 1 136 50 97 97
0228_0035_0080_0086_0086.jpg 1 35 80 86 86
0229_0060_0015_0132_0132.jpg 1 60 15 132 132
0230_0051_0091_0132_0132.jpg 1 51 91 132 132
0231_0072_0024_0126_0126.jpg 1 72 24 126 126
0232_0047_0059_0113_0113.jpg 1 47 59 113 113
0233_0026_0036_0106_0106.jpg 1 26 36 106 106
0234_0083_0011_0117_0117.jpg 1 83 11 117 117
0235_0040_0014_0123_0123.jpg 1 40 14 123 123
0236_0119_0061_0075_0075.jpg 1 119 61 75 75
0237_0046_0013_0093_0093.jpg 1 46 13 93 93
0238_0092_0046_0129_0129.jpg 1 92 46 129 129
0239_0034_0040_0135_0135.jpg 1 34 40 135 135
0240_0133_0064_0091_0091.jpg 1 133 64 91 91
0241_0123_0062_0103_0103.jpg 1 123 62 103 103
0242_0044_0053_0100_0100.jpg 1 44 53 100 100
0243_0048_0010_0125_0125.jpg 1 48 10 125 125
0244_0106_0036_0130_0130.jpg 1 106 36 130 130
0245_0119_0022_0109_0109.jpg 1 119 22 109 109
0246_0072_0082_0095_0095.jpg 1 72 82 95 95
0247_0035_0042_0134_0134.jpg 1 35 42 134 134
0248_0069_0039_0091_0091.jpg 1 69 39 91 91
0249_0059_0043_0087_0087.jpg 1 59 43 87 87
0250_0039_0019_0106_0106.jpg 1 39 19 106 106
0251_0043_0037_0122_0122.jpg 1 43 37 122 122
0252_0119_0031_0114_0114.jpg 1 119 31 114 114
0253_0036_0014_0096_0096.jpg 1 36 14 96 96
0254_0033_0023_0111_0111.jpg 1 33 23 111 111
0255_0102_0016_0088_0088.jpg 1 102 16 88 88
0256_0109_0037_0085_0085.jpg 1 109 37 85 85
0257_0064_0075_0110_0110.jpg 1 64 75 110 110
0258_0020_0014_0099_0099.jpg 1 20 14 99 99
0259_0060_0051_0075_0075.jpg 1 60 51 75 75
0260_0161_0071_0081_0081.jpg 1 161 71 81 81
0261_0104_0047_0091_0091.jpg 1 104 47 91 91
0262_0019_0037_0093_0093.jpg 1 19 37 93 93
0263_0128_0013_0124_0124.jpg 1 128 13 124 124
0264_0052_0047_0115_0115.jpg 1 52 47 115 115
0265_0039_0101_0115_0115.jpg 1 39 101 115 115
0266_0018_0076_0096_0096.jpg 1 18 76 96 96
0267_0141_0017_0078_0078.jpg 1 141 17 78 78
0268_0067_0061_0110_0110.jpg 1 67 61 110 110
0269_0036_0025_0119_0119.jpg 1 36 25 119 119
0270_0066_0013_0119_0119.jpg 1 66 13 119 119
0271_0083_0033_0111_0111.jpg 1 83 33 111 111
0272_0147_0032_0073_0073.jpg 1 147 32 73 73
0273_0029_0021_0126_0126.jpg 1 29 21 126 126
0274_0039_0069_0072_0072.jpg 1 39 69 72 72
0275_0040_0044_0103_0103.jpg 1 40 44 103 103
0276_0051_0022_0092_0092.jpg 1 51 22 92 92
0277_0068_0008_0121_0121.jpg 1 68 8 121 121
0278_0063_0060_0089_0089.jpg 1 63 60 89 89
0279_0037_0025_0086_0086.jpg 1 37 25 86 86
0280_0116_0023_0108_0108.jpg 1 116 23 108 108
0281_0087_0039_0132_0132.jpg 1 87 39 132 132
0282_0214_0012_0105_0105.jpg 1 214 12 105 105
0283_0095_0027_0130_0130.jpg 1 95 27 130 130
0284_0047_0023_0080_0080.jpg 1 47 23 80 80
0285_0130_0030_0100_0100.jpg 1 130 30 100 100
0286_0086_0024_0134_0134.jpg 1 86 24 134 134
0287_0017_0016_0123_0123.jpg 1 17 16 123 123
0288_0091_0078_0090_0090.jpg 1 91 78 90 90
0289_0056_0062_0090_0090.jpg 1 56 62 90 90
0290_0059_0019_0125_0125.jpg 1 59 19 125 125
0291_0082_0016_0121_0121.jpg 1 82 16 121 121
0292_0077_0079_0124_0124.jpg 1 77 79 124 124
0293_0110_0040_0085_0085.jpg 1 110 40 85 85
0294_0018_0085_0126_0126.jpg 1 18 85 126 126
0295_0083_0010_0126_0126.jpg 1 83 10 126 126
0296_0043_0076_0072_0072.jpg 1 43 76 72 72
0297_0076_0021_0105_0105.jpg 1 76 21 105 105
0298_0068_0065_0134_0134.jpg 1 68 65 134 134
0299_0076_0055_0128_0128.jpg 1 76 55 128 128
0300_0067_0031_0124_0124.jpg 1 67 31 124 124
0301_0026_0014_0125_0125.jpg 1 26 14 125 125
0302_0079_0019_0135_0135.jpg 1 79 19 135 135
0303_0032_0024_0134_0134.jpg 1 32 24 134 134
0304_0053_0061_0113_0113.jpg 1 53 61 113 113
0305_0147_0040_0082_0082.jpg 1 147 40 82 82
0306_0076_0048_0128_0128.jpg 1 76 48 128 128
0307_0028_0004_0124_0124.jpg 1 28 4 124 124
0308_0040_0058_0125_0125.jpg 1 40 58 125 125
0309_0050_0046_0131_0131.jpg 1 50 46 131 131
0310_0083_0030_0094_0094.jpg 1 83 30 94 94
0311_0122_0047_0078_0078.jpg 1 122 47 78 78
0312_0076_0076_0074_0074.jpg 1 76 76 74 74
0313_0139_0088_0077_0077.jpg 1 139 88 77 77
0314_0179_0014_0099_0099.jpg 1 179 14 99 99
0315_0036_0054_0119_0119.jpg 1 36 54 119 119
0316_0034_0060_0124_0124.jpg 1 34 60 124 124
0317_0159_0003_0130_0130.jpg 1 159 3 130 130
0318_0056_0033_0130_0130.jpg 1 56 33 130 130
0319_0058_0119_0073_0073.jpg 1 58 119 73 73
0320_0027_0057_0122_0122.jpg 1 27 57 122 122
0321_0132_0080_0078_0078.jpg 1 132 80 78 78
0322_0046_0049_0081_0081.jpg 1 46 49 81 81
0323_0042_0034_0127_0127.jpg 1 42 34 127 127
0324_0064_0058_0124_0124.jpg 1 64 58 124 124
0325_0055_0018_0119_0119.jpg 1 55 18 119 119
0326_0035_0034_0103_0103.jpg 1 35 34 103 103
0327_0095_0029_0121_0121.jpg 1 95 29 121 121
0328_0070_0028_0118_0118.jpg 1 70 28 118 118
0329_0019_0013_0114_0114.jpg 1 19 13 114 114
0330_0088_0060_0101_0101.jpg 1 88 60 101 101
0331_0043_0024_0096_0096.jpg 1 43 24 96 96
0332_0018_0028_0094_0094.jpg 1 18 28 94 94
0333_0037_0064_0088_0088.jpg 1 37 64 88 88
0334_0030_0015_0132_0132.jpg 1 30 15 132 132
0335_0047_0093_0073_0073.jpg 1 47 93 73 73
0336_0046_0028_0134_0134.jpg 1 46 28 134 134
0337_0041_0018_0117_0117.jpg 1 41 18 117 117
0338_0069_0041_0098_0098.jpg 1 69 41 98 98
0339_0035_0061_0084_0084.jpg 1 35 61 84 84
0340_0075_0067_0088_0088.jpg 1 75 67 88 88
0341_0046_0057_0091_0091.jpg 1 46 57 91 91
0342_0089_0032_0108_0108.jpg 1 89 32 108 108
0343_0018_0045_0086_0086.jpg 1 18 45 86 86
0344_0111_0016_0131_0131.jpg 1 111 16 131 131
0345_0057_0020_0116_0116.jpg 1 57 20 116 116
0346_0150_0059_0084_0084.jpg 1 150 59 84 84
0347_0054_0008_0104_0104.jpg 1 54 8 104 104
0348_0042_0036_0132_0132.jpg 1 42 36 132 132
0349_0018_0115_0122_0122.jpg 1 18 115 122 122
0350_0088_0019_0128_0128.jpg 1 88 19 128 128
0351_0033_0101_0110_0110.jpg 1 33 101 110 110
0352_0029_0079_0115_0115.jpg 1 29 79 115 115
0353_0019_0080_0076_0076.jpg 1 19 80 76 76
0354_0072_0049_0077_0077.jpg 1 72 49 77 77
0355_0077_0013_0135_0135.jpg 1 77 13 135 135
0356_0084_0015_0091_0091.jpg 1 84 15 91 91
0357_0035_0011_0108_0108.jpg 1 35 11 108 108
0358_0070_0033_0131_0131.jpg 1 70 33 131 131
0359_0039_0007_0112_0112.jpg 1 39 7 112 112
0360_0083_0028_0085_0085.jpg 1 83 28 85 85
0361_0073_0023_0114_0114.jpg 1 73 23 114 114
0362_0086_0036_0110_0110.jpg 1 86 36 110 110
0363_0042_0046_0107_0107.jpg 1 42 46 107 107
0364_0070_0034_0131_0131.jpg 1 70 34 131 131
0365_0048_0031_0080_0080.jpg 1 48 31 80 80
0366_0112_0076_0084_0084.jpg 1 112 76 84 84
0367_0055_0049_0086_0086.jpg 1 55 49 86 86
0368_0054_0071_0078_0078.jpg 1 54 71 78 78
0369_0084_0066_0111_0111.jpg 1 84 66 111 111
0370_0090_0036_0098_0098.jpg 1 90 36 98 98
0371_0124_0058_0083_0083.jpg 1 124 58 83 83
0372_0102_0001_0126_0126.jpg 1 102 1 126 126
0373_0047_0059_0101_0101.jpg 1 47 59 101 101
0374_0136_0011_0113_0113.jpg 1 136 11 113 113
0375_0091_0039_0108_0108.jpg 1 91 39 108 108
0376_0089_0087_0074_0074.jpg 1 89 87 74 74
0377_0054_0017_0103_0103.jpg 1 54 17 103 103
0378_0039_0020_0095_0095.jpg 1 39 20 95 95
0379_0042_0073_0087_0087.jpg 1 42 73 87 87
0380_0057_0048_0073_0073.jpg 1 57 48 73 73
0381_0093_0021_0100_0100.jpg 1 93 21 100 100
0382_0094_0015_0099_0099.jpg 1 94 15 99 99
0383_0068_0014_0090_0090.jpg 1 68 14 90 90
0384_0046_0087_0128_0128.jpg 1 46 87 128 128
0385_0092_0018_0110_0110.jpg 1 92 18 110 110
0386_0063_0020_0117_0117.jpg 1 63 20 117 117
0387_0068_0046_0122_0122.jpg 1 68 46 122 122
0388_0077_0019_0114_0114.jpg 1 77 19 114 114
0389_0040_0022_0074_0074.jpg 1 40 22 74 74
0390_0081_0028_0116_0116.jpg 1 81 28 116 116
0391_0094_0047_0104_0104.jpg 1 94 47 104 104
0392_0068_0042_0111_0111.jpg 1 68 42 111 111
0393_0055_0009_0099_0099.jpg 1 55 9 99 99
0394_0031_0032_0117_0117.jpg 1 31 32 117 117
0395_0045_0051_0124_0124.jpg 1 45 51 124 124
0396_0060_0041_0102_0102.jpg 1 60 41 102 102
0397_0070_0034_0133_0133.jpg 1 70 34 133 133
0398_0044_0039_0114_0114.jpg 1 44 39 114 114
0399_0079_0061_0109_0109.jpg 1 79 61 109 109
0400_0066_0025_0135_0135.jpg 1 66 25 135 135
0401_0053_0018_0115_0115.jpg 1 53 18 115 115
0402_0020_0020_0118_0118.jpg 1 20 20 118 118
0403_0045_0081_0096_0096.jpg 1 45 81 96 96
0404_0043_0166_0077_0077.jpg 1 43 166 77 77
0405_0082_0066_0099_0099.jpg 1 82 66 99 99
0406_0083_0027_0118_0118.jpg 1 83 27 118 118
0407_0019_0021_0083_0083.jpg 1 19 21 83 83
0408_0111_0068_0072_0072.jpg 1 111 68 72 72
0409_0131_0003_0134_0134.jpg 1 131 3 134 134
0410_0073_0084_0085_0085.jpg 1 73 84 85 85
0411_0060_0053_0090_0090.jpg 1 60 53 90 90
0412_0105_0024_0084_0084.jpg 1 105 24 84 84
0413_0035_0079_0094_0094.jpg 1 35 79 94 94
0414_0040_0021_0131_0131.jpg 1 40 21 131 131
0415_0049_0002_0135_0135.jpg 1 49 2 135 135
0416_0056_0020_0086_0086.jpg 1 56 20 86 86
0417_0096_0013_0095_0095.jpg 1 96 13 95 95
0418_0093_0039_0095_0095.jpg 1 93 39 95 95
0419_0020_0039_0114_0114.jpg 1 20 39 114 114
0420_0054_0044_0107_0107.jpg 1 54 44 107 107
0421_0083_0042_0132_0132.jpg 1 83 42 132 132
0422_0026_0030_0128_0128.jpg 1 26 30 128 128
0423_0039_0089_0109_0109.jpg 1 39 89 109 109
0424_0095_0033_0075_0075.jpg 1 95 33 75 75
0425_0019_0027_0122_0122.jpg 1 19 27 122 122
0426_0062_0050_0098_0098.jpg 1 62 50 98 98
0427_0020_0020_0128_0128.jpg 1 20 20 128 128
0428_0027_0049_0118_0118.jpg 1 27 49 118 118
0429_0129_0061_0093_0093.jpg 1 129 61 93 93
0430_0061_0027_0084_0084.jpg 1 61 27 84 84
0431_0077_0021_0081_0081.jpg 1 77 21 81 81
0432_0099_0010_0109_0109.jpg 1 99 10 109 109
0433_0035_0081_0080_0080.jpg 1 35 81 80 80
0434_0037_0024_0102_0102.jpg 1 37 24 102 102
0435_0084_0034_0105_0105.jpg 1 84 34 105 105
0436_0026_0031_0085_0085.jpg 1 26 31 85 85
0437_0049_0055_0120_0120.jpg 1 49 55 120 120
0438_0034_0047_0103_0103.jpg 1 34 47 103 103
0439_0112_0011_0128_0128.jpg 1 112 11 128 128
0440_0020_0035_0076_0076.jpg 1 20 35 76 76
0441_0127_0008_0119_0119.jpg 1 127 8 119 119
0442_0080_0070_0114_0114.jpg 1 80 70 114 114
0443_0023_0013_0101_0101.jpg 1 23 13 101 101
0444_0081_0058_0088_0088.jpg 1 81 58 88 88
0445_0078_0016_0118_0118.jpg 1 78 16 118 118
0446_0111_0021_0093_0093.jpg 1 111 21 93 93
0447_0062_0020_0100_0100.jpg 1 62 20 100 100
0448_0055_0039_0133_0133.jpg 1 55 39 133 133
0449_0075_0038_0112_0112.jpg 1 75 38 112 112
0450_0081_0032_0121_0121.jpg 1 81 32 121 121
0451_0094_0030_0123_0123.jpg 1 94 30 123 123
0452_0054_0034_0126_0126.jpg 1 54 34 126 126
0453_0039_0035_0103_0103.jpg 1 39 35 103 103
0454_0021_0042_0086_0086.jpg 1 21 42 86 86
0455_0075_0087_0076_0076.jpg 1 75 87 76 76
0456_0158_0034_0080_0080.jpg 1 158 34 80 80
0457_0046_0038_0127_0127.jpg 1 46 38 127 127
0458_0077_0048_0119_0119.jpg 1 77 48 119 119
0459_0042_0076_0111_0111.jpg 1 42 76 111 111
0460_0055_0063_0120_0120.jpg 1 55 63 120 120
0461_0091_0014_0082_0082.jpg 1 91 14 82 82
0462_0096_0011_0104_0104.jpg 1 96 11 104 104
0463_0115_0050_0107_0107.jpg 1 115 50 107 107
0464_0051_0036_0131_0131.jpg 1 51 36 131 131
0465_0047_0062_0130_0130.jpg 1 47 62 130 130
0466_0042_0084_0072_0072.jpg 1 42 84 72 72
0467_0102_0030_0125_0125.jpg 1 102 30 125 125
0468_0049_0044_0075_0075.jpg 1 49 44 75 75
0469_0211_0015_0093_0093.jpg 1 211 15 93 93
0470_0100_0033_0131_0131.jpg 1 100 33 131 131
0471_0088_0197_0095_0095.jpg 1 88 197 95 95
0472_0080_0024_0073_0073.jpg 1 80 24 73 73
0473_0045_0068_0085_0085.jpg 1 45 68 85 85
0474_0056_0034_0085_0085.jpg 1 56 34 85 85
0475_0111_0015_0116_0116.jpg 1 111 15 116 116
0476_0149_0080_0076_0076.jpg 1 149 80 76 76
0477_0073_0022_0099_0099.jpg 1 73 22 99 99
0478_0071_0017_0118_0118.jpg 1 71 17 118 118
0479_0113_0052_0090_0090.jpg 1 113 52 90 90
0480_0076_0076_0082_0082.jpg 1 76 76 82 82
0481_0083_0024_0092_0092.jpg 1 83 24 92 92
0482_0109_0025_0081_0081.jpg 1 109 25 81 81
0483_0079_0012_0114_0114.jpg 1 79 12 114 114
0484_0073_0026_0126_0126.jpg 1 73 26 126 126
0485_0097_0015_0094_0094.jpg 1 97 15 94 94
0486_0151_0007_0121_0121.jpg 1 151 7 121 121
0487_0090_0038_0097_0097.jpg 1 90 38 97 97
0488_0101_0008_0132_0132.jpg 1 101 8 132 132
0489_0028_0064_0128_0128.jpg 1 28 64 128 128
0490_0178_0017_0087_0087.jpg 1 178 17 87 87
0491_0079_0049_0093_0093.jpg 1 79 49 93 93
0492_0088_0008_0116_0116.jpg 1 88 8 116 116
0493_0087_0022_0096_0096.jpg 1 87 22 96 96
0494_0082_0048_0127_0127.jpg 1 82 48 127 127
0495_0108_0024_0109_0109.jpg 1 108 24 109 109
0496_0057_0044_0100_0100.jpg 1 57 44 100 100
0497_0123_0016_0135_0135.jpg 1 123 16 135 135
0498_0022_0042_0120_0120.jpg 1 22 42 120 120
0499_0147_0015_0074_0074.jpg 1 147 15 74 74
0500_0049_0027_0121_0121.jpg 1 49 27 121 121
0501_0085_0021_0081_0081.jpg 1 85 21 81 81
0502_0125_0009_0129_0129.jpg 1 125 9 129 129
0503_0019_0040_0087_0087.jpg 1 19 40 87 87
0504_0135_0042_0074_0074.jpg 1 135 42 74 74
0505_0013_0022_0134_0134.jpg 1 13 22 134 134
0506_0170_0012_0072_0072.jpg 1 170 12 72 72
0507_0139_0049_0092_0092.jpg 1 139 49 92 92
0508_0024_0064_0116_0116.jpg 1 24 64 116 116
0509_0026_0011_0110_0110.jpg 1 26 11 110 110
0510_0064_0053_0120_0120.jpg 1 64 53 120 120
0511_0064_0031_0091_0091.jpg 1 64 31 91 91
0512_0095_0041_0086_0086.jpg 1 95 41 86 86
0513_0097_0023_0093_0093.jpg 1 97 23 93 93
0514_0077_0015_0085_0085.jpg 1 77 15 85 85
0515_0037_0031_0089_0089.jpg 1 37 31 89 89
0516_0052_0059_0100_0100.jpg 1 52 59 100 100
0517_0089_0021_0123_0123.jpg 1 89 21 123 123
0518_0154_0056_0082_0082.jpg 1 154 56 82 82
0519_0113_0038_0108_0108.jpg 1 113 38 108 108
0520_0128_0024_0082_0082.jpg 1 128 24 82 82
0521_0123_0035_0110_0110.jpg 1 123 35 110 110
0522_0018_0052_0122_0122.jpg 1 18 52 122 122
0523_0057_0056_0120_0120.jpg 1 57 56 120 120
0524_0104_0023_0132_0132.jpg 1 104 23 132 132
0525_0054_0036_0129_0129.jpg 1 54 36 129 129
0526_0146_0031_0074_0074.jpg 1 146 31 74 74
0527_0086_0111_0081_0081.jpg 1 86 111 81 81
0528_0132_0069_0078_0078.jpg 1 132 69 78 78
0529_0064_0032_0083_0083.jpg 1 64 32 83 83
0530_0044_0097_0094_0094.jpg 1 44 97 94 94
0531_0122_0004_0129_0129.jpg 1 122 4 129 129
0532_0041_0063_0078_0078.jpg 1 41 63 78 78
0533_0098_0052_0079_0079.jpg 1 98 52 79 79
0534_0101_0021_0109_0109.jpg 1 101 21 109 109
0535_0036_0043_0095_0095.jpg 1 36 43 95 95
0536_0029_0087_0121_0121.jpg 1 29 87 121 121
0537_0102_0056_0099_0099.jpg 1 102 56 99 99
0538_0068_0056_0125_0125.jpg 1 68 56 125 125
0539_0024_0075_0072_0072.jpg 1 24 75 72 72
0540_0139_0055_0094_0094.jpg 1 139 55 94 94
0541_0075_0049_0130_0130.jpg 1 75 49 130 130
0542_0038_0028_0083_0083.jpg 1 38 28 83 83
0543_0129_0039_0082_0082.jpg 1 129 39 82 82
0544_0048_0055_0122_0122.jpg 1 48 55 122 122
0545_0071_0056_0116_0116.jpg 1 71 56 116 116
0546_0055_0025_0103_0103.jpg 1 55 25 103 103
0547_0035_0049_0092_0092.jpg 1 35 49 92 92
0548_0075_0042_0128_0128.jpg 1 75 42 128 128
0549_0028_0037_0117_0117.jpg 1 28 37 117 117
0550_0109_0063_0076_0076.jpg 1 109 63 76 76
0551_0105_0057_0108_0108.jpg 1 105 57 108 108
0552_0038_0052_0078_0078.jpg 1 38 52 78 78
0553_0119_0010_0099_0099.jpg 1 119 10 99 99
0554_0053_0082_0093_0093.jpg 1 53 82 93 93
0555_0016_0070_0077_0077.jpg 1 16 70 77 77
0556_0024_0039_0126_0126.jpg 1 24 39 126 126
0557_0087_0032_0123_0123.jpg 1 87 32 123 123
0558_0076_0031_0131_0131.jpg 1 76 31 131 131
0559_0019_0013_0118_0118.jpg 1 19 13 118 118
0560_0067_0031_0115_0115.jpg 1 67 31 115 115
0561_0108_0035_0090_0090.jpg 1 108 35 90 90
0562_0122_0024_0094_0094.jpg 1 122 24 94 94
0563_0029_0050_0112_0112.jpg 1 29 50 112 112
0564_0047_0016_0108_0108.jpg 1 47 16 108 108
0565_0069_0013_0120_0120.jpg 1 69 13 120 120
0566_0138_0063_0078_0078.jpg 1 138 63 78 78
0567_0022_0059_0095_0095.jpg 1 22 59 95 95
0568_0041_0007_0072_0072.jpg 1 41 7 72 72
0569_0052_0134_0100_0100.jpg 1 52 134 100 100
0570_0035_0051_0072_0072.jpg 1 35 51 72 72
0571_0052_0078_0082_0082.jpg 1 52 78 82 82
0572_0062_0039_0095_0095.jpg 1 62 39 95 95
0573_0038_0046_0080_0080.jpg 1 38 46 80 80
0574_0055_0063_0123_0123.jpg 1 55 63 123 123
0575_0168_0013_0088_0088.jpg 1 168 13 88 88
0576_0116_0057_0075_0075.jpg 1 116 57 75 75
0577_0179_0016_0105_0105.jpg 1 179 16 105 105
0578_0084_0037_0121_0121.jpg 1 84 37 121 121
0579_0101_0038_0120_0120.jpg 1 101 38 120 120
0580_0071_0038_0080_0080.jpg 1 71 38 80 80
0581_0031_0033_0086_0086.jpg 1 31 33 86 86
0582_0054_0017_0126_0126.jpg 1 54 17 126 126
0583_0155_0068_0072_0072.jpg 1 155 68 72 72
0584_0042_0065_0077_0077.jpg 1 42 65 77 77
0585_0162_0049_0095_0095.jpg 1 162 49 95 95
0586_0118_0094_0076_0076.jpg 1 118 94 76 76
0587_0034_0032_0115_0115.jpg 1 34 32 115 115
0588_0089_0010_0095_0095.jpg 1 89 10 95 95
0589_0061_0069_0079_0079.jpg 1 61 69 79 79
0590_0063_0019_0097_0097.jpg 1 63 19 97 97
0591_0038_0088_0083_0083.jpg 1 38 88 83 83
0592_0145_0070_0085_0085.jpg 1 145 70 85 85
0593_0055_0133_0095_0095.jpg 1 55 133 95 95
0594_0055_0044_0073_0073.jpg 1 55 44 73 73
0595_0026_0050_0102_0102.jpg 1 26 50 102 102
0596_0110_0055_0090_0090.jpg 1 110 55 90 90
0597_0214_0009_0077_0077.jpg 1 214 9 77 77
0598_0024_0050_0130_0130.jpg 1 24 50 130 130
0599_0140_0011_0130_0130.jpg 1 140 11 130 130
0600_0177_0018_0074_0074.jpg 1 177 18 74 74
0601_0136_0013_0094_0094.jpg 1 136 13 94 94
0602_0125_0071_0093_0093.jpg 1 125 71 93 93
0603_0089_0026_0119_0119.jpg 1 89 26 119 119
0604_0124_0030_0107_0107.jpg 1 124 30 107 107
0605_0066_0019_0122_0122.jpg 1 66 19 122 122
0606_0053_0070_0074_0074.jpg 1 53 70 74 74
0607_0044_0048_0119_0119.jpg 1 44 48 119 119
0608_0024_0081_0081_0081.jpg 1 24 81 81 81
0609_0091_0045_0104_0104.jpg 1 91 45 104 104
0610_0013_0052_0128_0128.jpg 1 13 52 128 128
0611_0134_0051_0081_0081.jpg 1 134 51 81 81
0612_0113_0055_0117_0117.jpg 1 113 55 117 117
0613_0084_0013_0093_0093.jpg 1 84 13 93 93
0614_0189_0010_0112_0112.jpg 1 189 10 112 112
0615_0108_0014_0107_0107.jpg 1 108 14 107 107
0616_0065_0020_0127_0127.jpg 1 65 20 127 127
0617_0084_0044_0135_0135.jpg 1 84 44 135 135
0618_0041_0011_0113_0113.jpg 1 41 11 113 113
0619_0032_0012_0124_0124.jpg 1 32 12 124 124
0620_0059_0047_0080_0080.jpg 1 59 47 80 80
0621_0053_0042_0123_0123.jpg 1 53 42 123 123
0622_0141_0014_0105_0105.jpg 1 141 14 105 105
0623_0162_0020_0074_0074.jpg 1 162 20 74 74
0624_0130_0066_0088_0088.jpg 1 130 66 88 88
0625_0073_0012_0126_0126.jpg 1 73 12 126 126
0626_0082_0010_0114_0114.jpg 1 82 10 114 114
0627_0054_0061_0106_0106.jpg 1 54 61 106 106
0628_0026_0014_0127_0127.jpg 1 26 14 127 127
0629_0022_0072_0098_0098.jpg 1 22 72 98 98
0630_0063_0050_0090_0090.jpg 1 63 50 90 90
0631_0033_0006_0122_0122.jpg 1 33 6 122 122
0632_0041_0046_0073_0073.jpg 1 41 46 73 73
0633_0091_0031_0116_0116.jpg 1 91 31 116 116
0634_0125_0042_0085_0085.jpg 1 125 42 85 85
0635_0129_0037_0076_0076.jpg 1 129 37 76 76
0636_0088_0035_0108_0108.jpg 1 88 35 108 108
0637_0092_0064_0090_0090.jpg 1 92 64 90 90
0638_0046_0092_0094_0094.jpg 1 46 92 94 94
0639_0030_0072_0098_0098.jpg 1 30 72 98 98
0640_0033_0052_0131_0131.jpg 1 33 52 131 131
0641_0045_0002_0132_0132.jpg 1 45 2 132 132
0642_0025_0014_0105_0105.jpg 1 25 14 105 105
0643_0057_0022_0131_0131.jpg 1 57 22 131 131
0644_0130_0014_0116_0116.jpg 1 130 14 116 116
0645_0060_0013_0130_0130.jpg 1 60 13 130 130
0646_0122_0006_0129_0129.jpg 1 122 6 129 129
0647_0043_0024_0122_0122.jpg 1 43 24 122 122
0648_0042_0061_0116_0116.jpg 1 42 61 116 116
0649_0038_0074_0105_0105.jpg 1 38 74 105 105
0650_0053_0041_0093_0093.jpg 1 53 41 93 93
0651_0119_0060_0108_0108.jpg 1 119 60 108 108
0652_0084_0059_0094_0094.jpg 1 84 59 94 94
0653_0044_0038_0116_0116.jpg 1 44 38 116 116
0654_0132_0045_0095_0095.jpg 1 132 45 95 95
0655_0068_0004_0126_0126.jpg 1 68 4 126 126
0656_0067_0056_0088_0088.jpg 1 67 56 88 88
0657_0090_0007_0112_0112.jpg 1 90 7 112 112
0658_0150_0062_0078_0078.jpg 1 150 62 78 78
0659_0061_0043_0116_0116.jpg 1 61 43 116 116
0660_0014_0040_0098_0098.jpg 1 14 40 98 98
0661_0175_0012_0090_0090.jpg 1 175 12 90 90
0662_0045_0076_0079_0079.jpg 1 45 76 79 79
0663_0040_0066_0080_0080.jpg 1 40 66 80 80
0664_0062_0040_0079_0079.jpg 1 62 40 79 79
0665_0139_0003_0112_0112.jpg 1 139 3 112 112
0666_0053_0046_0091_0091.jpg 1 53 46 91 91
0667_0058_0042_0074_0074.jpg 1 58 42 74 74
0668_0112_0064_0099_0099.jpg 1 112 64 99 99
0669_0141_0051_0079_0079.jpg 1 141 51 79 79
0670_0062_0047_0098_0098.jpg 1 62 47 98 98
0671_0122_0043_0087_0087.jpg 1 122 43 87 87
0672_0016_0026_0134_0134.jpg 1 16 26 134 134
0673_0076_0048_0091_0091.jpg 1 76 48 91 91
0674_0115_0022_0086_0086.jpg 1 115 22 86 86
0675_0036_0070_0098_0098.jpg 1 36 70 98 98
0676_0077_0006_0133_0133.jpg 1 77 6 133 133
0677_0037_0012_0072_0072.jpg 1 37 12 72 72
0678_0105_0035_0088_0088.jpg 1 105 35 88 88
0679_0097_0071_0081_0081.jpg 1 97 71 81 81
0680_0075_0046_0108_0108.jpg 1 75 46 108 108
0681_0051_0056_0094_0094.jpg 1 51 56 94 94
0682_0058_0044_0127_0127.jpg 1 58 44 127 127
0683_0020_0085_0122_0122.jpg 1 20 85 122 122
0684_0048_0073_0081_0081.jpg 1 48 73 81 81
0685_0064_0079_0116_0116.jpg 1 64 79 116 116
0686_0015_0089_0109_0109.jpg 1 15 89 109 109
0687_0060_0030_0096_0096.jpg 1 60 30 96 96
0688_0132_0062_0093_0093.jpg 1 132 62 93 93
0689_0033_0108_0115_0115.jpg 1 33 108 115 115
0690_0103_0068_0097_0097.jpg 1 103 68 97 97
0691_0102_0055_0111_0111.jpg 1 102 55 111 111
0692_0118_0010_0093_0093.jpg 1 118 10 93 93
0693_0069_0047_0094_0094.jpg 1 69 47 94 94
0694_0050_0011_0122_0122.jpg 1 50 11 122 122
0695_0052_0021_0087_0087.jpg 1 52 21 87 87
0696_0061_0043_0121_0121.jpg 1 61 43 121 121
0697_0069_0015_0100_0100.jpg 1 69 15 100 100
0698_0102_0013_0122_0122.jpg 1 102 13 122 122
0699_0060_0043_0129_0129.jpg 1 60 43 129 129
0700_0100_0065_0094_0094.jpg 1 100 65 94 94
0701_0026_0027_0128_0128.jpg 1 26 27 128 128
0702_0025_0070_0072_0072.jpg 1 25 70 72 72
0703_0047_0007_0116_0116.jpg 1 47 7 116 116
0704_0110_0023_0074_0074.jpg 1 110 23 74 74
0705_0078_0028_0108_0108.jpg 1 78 28 108 108
0706_0065_0050_0072_0072.jpg 1 65 50 72 72
0707_0100_0046_0073_0073.jpg 1 100 46 73 73
0708_0093_0010_0130_0130.jpg 1 93 10 130 130
0709_0031_0038_0094_0094.jpg 1 31 38 94 94
0710_0045_0026_0101_0101.jpg 1 45 26 101 101
0711_0031_0071_0134_0134.jpg 1 31 71 134 134
0712_0012_0106_0114_0114.jpg 1 12 106 114 114
0713_0100_0044_0118_0118.jpg 1 100 44 118 118
0714_0068_0015_0105_0105.jpg 1 68 15 105 105
0715_0105_0018_0105_0105.jpg 1 105 18 105 105
0716_0123_0069_0072_0072.jpg 1 123 69 72 72
0717_0075_0043_0124_0124.jpg 1 75 43 124 124
0718_0054_0060_0074_0074.jpg 1 54 60 74 74
0719_0048_0135_0097_0097.jpg 1 48 135 97 97
0720_0037_0033_0124_0124.jpg 1 37 33 124 124
0721_0090_0055_0090_0090.jpg 1 90 55 90 90
0722_0019_0024_0120_0120.jpg 1 19 24 120 120
0723_0079_0053_0074_0074.jpg 1 79 53 74 74
0724_0104_0043_0094_0094.jpg 1 104 43 94 94
0725_0020_0025_0130_0130.jpg 1 20 25 130 130
0726_0026_0057_0108_0108.jpg 1 26 57 108 108
0727_0109_0011_0106_0106.jpg 1 109 11 106 106
0728_0039_0041_0132_0132.jpg 1 39 41 132 132
0729_0064_0029_0095_0095.jpg 1 64 29 95 95
0730_0078_0035_0103_0103.jpg 1 78 35 103 103
0731_0051_0041_0126_0126.jpg 1 51 41 126 126
0732_0114_0063_0106_0106.jpg 1 114 63 106 106
0733_0095_0047_0128_0128.jpg 1 95 47 128 128
0734_0076_0039_0102_0102.jpg 1 76 39 102 102
0735_0056_0096_0075_0075.jpg 1 56 96 75 75
0736_0035_0019_0135_0135.jpg 1 35 19 135 135
0737_0024_0042_0123_0123.jpg 1 24 42 123 123
0738_0027_0037_0084_0084.jpg 1 27 37 84 84
0739_0133_0041_0077_0077.jpg 1 133 41 77 77
0740_0094_0013_0108_0108.jpg 1 94 13 108 108
0741_0145_0045_0080_0080.jpg 1 145 45 80 80
0742_0086_0091_0074_0074.jpg 1 86 91 74 74
0743_0078_0031_0100_0100.jpg 1 78 31 100 100
0744_0021_0049_0131_0131.jpg 1 21 49 131 131
0745_0086_0015_0086_0086.jpg 1 86 15 86 86
0746_0059_0054_0085_0085.jpg 1 59 54 85 85
0747_0087_0030_0132_0132.jpg 1 87 30 132 132
0748_0071_0074_0085_0085.jpg 1 71 74 85 85
0749_0037_0071_0123_0123.jpg 1 37 71 123 123
0750_0036_0045_0134_0134.jpg 1 36 45 134 134
0751_0071_0012_0119_0119.jpg 1 71 12 119 119
0752_0126_0078_0072_0072.jpg 1 126 78 72 72
0753_0062_0024_0087_0087.jpg 1 62 24 87 87
0754_0020_0037_0101_0101.jpg 1 20 37 101 101
0755_0124_0006_0130_0130.jpg 1 124 6 130 130
0756_0042_0063_0076_0076.jpg 1 42 63 76 76
0757_0133_0027_0118_0118.jpg 1 133 27 118 118
0758_0045_0033_0125_0125.jpg 1 45 33 125 125
0759_0066_0089_0108_0108.jpg 1 66 89 108 108
0760_0062_0107_0079_0079.jpg 1 62 107 79 79
0761_0073_0017_0080_0080.jpg 1 73 17 80 80
0762_0049_0011_0135_0135.jpg 1 49 11 135 135
0763_0022_0030_0109_0109.jpg 1 22 30 109 109
0764_0141_0039_0101_0101.jpg 1 141 39 101 101
0765_0094_0013_0102_0102.jpg 1 94 13 102 102
0766_0137_0040_0097_0097.jpg 1 137 40 97 97
0767_0074_0067_0081_0081.jpg 1 74 67 81 81
0768_0068_0009_0107_0107.jpg 1 68 9 107 107
0769_0085_0064_0091_0091.jpg 1 85 64 91 91
0770_0075_0070_0089_0089.jpg 1 75 70 89 89
0771_0144_0051_0077_0077.jpg 1 144 51 77 77
0772_0032_0076_0076_0076.jpg 1 32 76 76 76
0773_0091_0014_0133_0133.jpg 1 91 14 133 133
0774_0064_0011_0133_0133.jpg 1 64 11 133 133
0775_0071_0083_0093_0093.jpg 1 71 83 93 93
0776_0084_0036_0076_0076.jpg 1 84 36 76 76
0777_0104_0028_0106_0106.jpg 1 104 28 106 106
0778_0066_0019_0126_0126.jpg 1 66 19 126 126
0779_0016_0042_0120_0120.jpg 1 16 42 120 120
0780_0116_0020_0127_0127.jpg 1 116 20 127 127
0781_0119_0025_0117_0117.jpg 1 119 25 117 117
0782_0062_0059_0079_0079.jpg 1 62 59 79 79
0783_0076_0051_0086_0086.jpg 1 76 51 86 86
0784_0025_0036_0129_0129.jpg 1 25 36 129 129
0785_0137_0082_0078_0078.jpg 1 137 82 78 78
0786_0123_0080_0079_0079.jpg 1 123 80 79 79
0787_0071_0052_0126_0126.jpg 1 71 52 126 126
0788_0071_0040_0108_0108.jpg 1 71 40 108 108
0789_0101_0034_0084_0084.jpg 1 101 34 84 84
0790_0072_0011_0077_0077.jpg 1 72 11 77 77
0791_0038_0041_0107_0107.jpg 1 38 41 107 107
0792_0058_0037_0119_0119.jpg 1 58 37 119 119
0793_0100_0060_0099_0099.jpg 1 100 60 99 99
0794_0064_0081_0076_0076.jpg 1 64 81 76 76
0795_0028_0073_0119_0119.jpg 1 28 73 119 119
0796_0022_0013_0109_0109.jpg 1 22 13 109 109
0797_0056_0069_0081_0081.jpg 1 56 69 81 81
0798_0028_0063_0093_0093.jpg 1 28 63 93 93
0799_0012_0015_0114_0114.jpg 1 12 15 114 114
0800_0119_0062_0073_0073.jpg 1 119 62 73 73
0801_0054_0026_0130_0130.jpg 1 54 26 130 130
0802_0088_0002_0131_0131.jpg 1 88 2 131 131
0803_0112_0008_0130_0130.jpg 1 112 8 130 130
0804_0126_0019_0078_0078.jpg 1 126 19 78 78
0805_0030_0020_0128_0128.jpg 1 30 20 128 128
0806_0118_0045_0094_0094.jpg 1 118 45 94 94
0807_0071_0035_0073_0073.jpg 1 71 35 73 73
0808_0037_0052_0080_0080.jpg 1 37 52 80 80
0809_0029_0121_0075_0075.jpg 1 29 121 75 75
0810_0054_0016_0103_0103.jpg 1 54 16 103 103
0811_0053_0023_0108_0108.jpg 1 53 23 108 108
0812_0136_0022_0123_0123.jpg 1 136 22 123 123
0813_0061_0076_0092_0092.jpg 1 61 76 92 92
0814_0128_0036_0096_0096.jpg 1 128 36 96 96
0815_0042_0020_0116_0116.jpg 1 42 20 116 116
0816_0018_0008_0129_0129.jpg 1 18 8 129 129
0817_0031_0131_0094_0094.jpg 1 31 131 94 94
0818_0147_0036_0091_0091.jpg 1 147 36 91 91
0819_0067_0030_0098_0098.jpg 1 67 30 98 98
0820_0053_0051_0092_0092.jpg 1 53 51 92 92
0821_0038_0039_0090_0090.jpg 1 38 39 90 90
0822_0021_0025_0110_0110.jpg 1 21 25 110 110
0823_0093_0049_0128_0128.jpg 1 93 49 128 128
0824_0026_0018_0113_0113.jpg 1 26 18 113 113
0825_0085_0034_0113_0113.jpg 1 85 34 113 113
0826_0067_0080_0092_0092.jpg 1 67 80 92 92
0827_0045_0066_0103_0103.jpg 1 45 66 103 103
0828_0063_0032_0132_0132.jpg 1 63 32 132 132
0829_0015_0007_0125_0125.jpg 1 15 7 125 125
0830_0021_0062_0093_0093.jpg 1 21 62 93 93
0831_0063_0025_0102_0102.jpg 1 63 25 102 102
0832_0072_0019_0108_0108.jpg 1 72 19 108 108
0833_0071_0018_0075_0075.jpg 1 71 18 75 75
0834_0100_0068_0090_0090.jpg 1 100 68 90 90
0835_0078_0077_0083_0083.jpg 1 78 77 83 83
0836_0049_0025_0107_0107.jpg 1 49 25 107 107
0837_0026_0064_0094_0094.jpg 1 26 64 94 94
0838_0047_0021_0075_0075.jpg 1 47 21 75 75
0839_0066_0058_0116_0116.jpg 1 66 58 116 116
0840_0023_0054_0072_0072.jpg 1 23 54 72 72
0841_0113_0018_0094_0094.jpg 1 113 18 94 94
0842_0112_0016_0129_0129.jpg 1 112 16 129 129
0843_0061_0021_0087_0087.jpg 1 61 21 87 87
0844_0096_0015_0084_0084.jpg 1 96 15 84 84
0845_0055_0051_0114_0114.jpg 1 55 51 114 114
0846_0111_0010_0085_0085.jpg 1 111 10 85 85
0847_0080_0025_0113_0113.jpg 1 80 25 113 113
0848_0064_0080_0073_0073.jpg 1 64 80 73 73
0849_0030_0028_0088_0088.jpg 1 30 28 88 88
0850_0137_0081_0075_0075.jpg 1 137 81 75 75
0851_0136_0028_0119_0119.jpg 1 136 28 119 119
0852_0021_0061_0091_0091.jpg 1 21 61 91 91
0853_0070_0067_0084_0084.jpg 1 70 67 84 84
0854_0018_0012_0094_0094.jpg 1 18 12 94 94
0855_0075_0080_0107_0107.jpg 1 75 80 107 107
0856_0043_0048_0093_0093.jpg 1 43 48 93 93
0857_0045_0023_0116_0116.jpg 1 45 23 116 116
0858_0020_0116_0082_0082.jpg 1 20 116 82 82
0859_0034_0072_0119_0119.jpg 1 34 72 119 119
0860_0065_0024_0130_0130.jpg 1 65 24 130 130
0861_0025_0063_0074_0074.jpg 1 25 63 74 74
0862_0070_0019_0077_0077.jpg 1 70 19 77 77
0863_0073_0038_0115_0115.jpg 1 73 38 115 115
0864_0077_0023_0133_0133.jpg 1 77 23 133 133
0865_0115_0033_0108_0108.jpg 1 115 33 108 108
0866_0060_0052_0113_0113.jpg 1 60 52 113 113
0867_0065_0015_0096_0096.jpg 1 65 15 96 96
0868_0022_0017_0099_0099.jpg 1 22 17 99 99
0869_0045_0022_0084_0084.jpg 1 45 22 84 84
0870_0113_0008_0115_0115.jpg 1 113 8 115 115
0871_0030_0036_0094_0094.jpg 1 30 36 94 94
0872_0088_0081_0105_0105.jpg 1 88 81 105 105
0873_0119_0040_0075_0075.jpg 1 119 40 75 75
0874_0051_0039_0110_0110.jpg 1 51 39 110 110
0875_0109_0028_0080_0080.jpg 1 109 28 80 80
0876_0049_0019_0094_0094.jpg 1 49 19 94 94
0877_0101_0023_0115_0115.jpg 1 101 23 115 115
0878_0061_0069_0101_0101.jpg 1 61 69 101 101
0879_0100_0029_0107_0107.jpg 1 100 29 107 107
0880_0076_0012_0134_0134.jpg 1 76 12 134 134
0881_0066_0020_0130_0130.jpg 1 66 20 130 130
0882_0101_0019_0113_0113.jpg 1 101 19 113 113
0883_0077_0026_0125_0125.jpg 1 77 26 125 125
0884_0015_0079_0116_0116.jpg 1 15 79 116 116
0885_0034_0016_0080_0080.jpg 1 34 16 80 80
0886_0031_0032_0130_0130.jpg 1 31 32 130 130
0887_0031_0027_0134_0134.jpg 1 31 27 134 134
0888_0044_0015_0125_0125.jpg 1 44 15 125 125
0889_0024_0009_0127_0127.jpg 1 24 9 127 127
0890_0065_0118_0094_0094.jpg 1 65 118 94 94
0891_0094_0058_0077_0077.jpg 1 94 58 77 77
0892_0096_0043_0101_0101.jpg 1 96 43 101 101
0893_0045_0054_0081_0081.jpg 1 45 54 81 81
0894_0043_0057_0125_0125.jpg 1 43 57 125 125
0895_0085_0076_0072_0072.jpg 1 85 76 72 72
0896_0099_0087_0088_0088.jpg 1 99 87 88 88
0897_0046_0081_0117_0117.jpg 1 46 81 117 117
0898_0016_0023_0131_0131.jpg 1 16 23 131 131
0899_0026_0015_0126_0126.jpg 1 26 15 126 126
0900_0068_0032_0076_0076.jpg 1 68 32 76 76
0901_0031_0019_0131_0131.jpg 1 31 19 131 131
0902_0085_0021_0100_0100.jpg 1 85 21 100 100
0903_0098_0041_0078_0078.jpg 1 98 41 78 78
0904_0094_0049_0110_0110.jpg 1 94 49 110 110
0905_0052_0050_0121_0121.jpg 1 52 50 121 121
0906_0080_0048_0074_0074.jpg 1 80 48 74 74
0907_0082_0049_0077_0077.jpg 1 82 49 77 77
0908_0022_0118_0074_0074.jpg 1 22 118 74 74
0909_0065_0052_0076_0076.jpg 1 65 52 76 76
0910_0069_0014_0118_0118.jpg 1 69 14 118 118
0911_0028_0039_0119_0119.jpg 1 28 39 119 119
0912_0070_0038_0082_0082.jpg 1 70 38 82 82
0913_0036_0033_0097_0097.jpg 1 36 33 97 97
0914_0060_0059_0095_0095.jpg 1 60 59 95 95
0915_0099_0007_0125_0125.jpg 1 99 7 125 125
0916_0034_0057_0072_0072.jpg 1 34 57 72 72
0917_0075_0065_0092_0092.jpg 1 75 65 92 92
0918_0093_0070_0091_0091.jpg 1 93 70 91 91
0919_0176_0027_0095_0095.jpg 1 176 27 95 95
0920_0092_0057_0080_0080.jpg 1 92 57 80 80
0921_0037_0011_0098_0098.jpg 1 37 11 98 98
0922_0076_0015_0074_0074.jpg 1 76 15 74 74
0923_0093_0038_0124_0124.jpg 1 93 38 124 124
0924_0049_0085_0117_0117.jpg 1 49 85 117 117
0925_0010_0104_0118_0118.jpg 1 10 104 118 118
0926_0028_0082_0109_0109.jpg 1 28 82 109 109
0927_0103_0011_0116_0116.jpg 1 103 11 116 116
0928_0108_0044_0087_0087.jpg 1 108 44 87 87
0929_0053_0058_0101_0101.jpg 1 53 58 101 101
0930_0072_0059_0090_0090.jpg 1 72 59 90 90
0931_0024_0097_0113_0113.jpg 1 24 97 113 113
0932_0086_0087_0077_0077.jpg 1 86 87 77 77
0933_0040_0027_0078_0078.jpg 1 40 27 78 78
0934_0085_0021_0090_0090.jpg 1 85 21 90 90
0935_0146_0040_0101_0101.jpg 1 146 40 101 101
0936_0103_0027_0115_0115.jpg 1 103 27 115 115
0937_0125_0012_0080_0080.jpg 1 125 12 80 80
0938_0091_0058_0093_0093.jpg 1 91 58 93 93
0939_0172_0024_0095_0095.jpg 1 172 24 95 95
0940_0060_0053_0129_0129.jpg 1 60 53 129 129
0941_0032_0089_0074_0074.jpg 1 32 89 74 74
0942_0019_0078_0107_0107.jpg 1 19 78 107 107
0943_0025_0052_0081_0081.jpg 1 25 52 81 81
0944_0103_0079_0081_0081.jpg 1 103 79 81 81
0945_0116_0055_0106_0106.jpg 1 116 55 106 106
0946_0016_0022_0124_0124.jpg 1 16 22 124 124
0947_0018_0030_0129_0129.jpg 1 18 30 129 129
0948_0100_0062_0091_0091.jpg 1 100 62 91 91
0949_0129_0051_0077_0077.jpg 1 129 51 77 77
0950_0032_0034_0119_0119.jpg 1 32 34 119 119
0951_0035_0074_0120_0120.jpg 1 35 74 120 120
0952_0094_0021_0122_0122.jpg 1 94 21 122 122
0953_0047_0079_0100_0100.jpg 1 47 79 100 100
0954_0104_0102_0075_0075.jpg 1 104 102 75 75
0955_0061_0066_0109_0109.jpg 1 61 66 109 109
0956_0019_0061_0096_0096.jpg 1 19 61 96 96
0957_0087_0026_0113_0113.jpg 1 87 26 113 113
0958_0101_0014_0080_0080.jpg 1 101 14 80 80
0959_0136_0067_0085_0085.jpg 1 136 67 85 85
0960_0075_0024_0132_0132.jpg 1 75 24 132 132
0961_0080_0032_0084_0084.jpg 1 80 32 84 84
0962_0021_0112_0084_0084.jpg 1 21 112 84 84
0963_0027_0012_0125_0125.jpg 1 27 12 125 125
0964_0020_0062_0106_0106.jpg 1 20 62 106 106
0965_0111_0055_0092_0092.jpg 1 111 55 92 92
0966_0103_0018_0114_0114.jpg 1 103 18 114 114
0967_0055_0100_0087_0087.jpg 1 55 100 87 87
0968_0040_0110_0080_0080.jpg 1 40 110 80 80
0969_0045_0069_0080_0080.jpg 1 45 69 80 80
0970_0058_0063_0079_0079.jpg 1 58 63 79 79
0971_0009_0043_0126_0126.jpg 1 9 43 126 126
0972_0067_0014_0133_0133.jpg 1 67 14 133 133
0973_0062_0021_0103_0103.jpg 1 62 21 103 103
0974_0109_0022_0089_0089.jpg 1 109 22 89 89
0975_0031_0117_0079_0079.jpg 1 31 117 79 79
0976_0079_0030_0134_0134.jpg 1 79 30 134 134
0977_0115_0005_0129_0129.jpg 1 115 5 129 129
0978_0111_0054_0110_0110.jpg 1 111 54 110 110
0979_0030_0005_0133_0133.jpg 1 30 5 133 133
0980_0029_0036_0076_0076.jpg 1 29 36 76 76
0981_0029_0024_0132_0132.jpg 1 29 24 132 132
0982_0130_0080_0074_0074.jpg 1 130 80 74 74
0983_0069_0030_0101_0101.jpg 1 69 30 101 101
0984_0019_0019_0127_0127.jpg 1 19 19 127 127
0985_0121_0022_0120_0120.jpg 1 121 22 120 120
0986_0110_0021_0117_0117.jpg 1 110 21 117 117
0987_0139_0002_0133_0133.jpg 1 139 2 133 133
0988_0081_0042_0074_0074.jpg 1 81 42 74 74
0989_0067_0021_0132_0132.jpg 1 67 21 132 132
0990_0031_0101_0077_0077.jpg 1 31 101 77 77
0991_0113_0039_0116_0116.jpg 1 113 39 116 116
0992_0068_0075_0087_0087.jpg 1 68 75 87 87
0993_0085_0044_0127_0127.jpg 1 85 44 127 127
0994_0152_0045_0086_0086.jpg 1 152 45 86 86
0995_0031_0005_0128_0128.jpg 1 31 5 128 128
0996_0082_0044_0088_0088.jpg 1 82 44 88 88
0997_0082_0057_0080_0080.jpg 1 82 57 80 80
0998_0063_0057_0105_0105.jpg 1 63 57 105 105
0999_0018_0048_0099_0099.jpg 1 18 48 99 99
1000_0062_0035_0118_0118.jpg 1 62 35 118 118
1001_0130_0028_0084_0084.jpg 1 130 28 84 84
1002_0054_0017_0118_0118.jpg 1 54 17 118 118
1003_0048_0052_0118_0118.jpg 1 48 52 118 118
1004_0432_0067_0081_0081.jpg 1 432 67 81 81
1005_0097_0023_0109_0109.jpg 1 97 23 109 109
1006_0091_0027_0122_0122.jpg 1 91 27 122 122
1007_0080_0039_0120_0120.jpg 1 80 39 120 120
1008_0020_0022_0101_0101.jpg 1 20 22 101 101
1009_0135_0011_0083_0083.jpg 1 135 11 83 83
1010_0093_0036_0101_0101.jpg 1 93 36 101 101
1011_0050_0045_0121_0121.jpg 1 50 45 121 121
1012_0127_0015_0108_0108.jpg 1 127 15 108 108
1013_0052_0096_0077_0077.jpg 1 52 96 77 77
1014_0107_0026_0123_0123.jpg 1 107 26 123 123
1015_0016_0034_0072_0072.jpg 1 16 34 72 72
1016_0068_0035_0122_0122.jpg 1 68 35 122 122
1017_0042_0086_0079_0079.jpg 1 42 86 79 79
1018_0096_0045_0103_0103.jpg 1 96 45 103 103
1019_0034_0041_0107_0107.jpg 1 34 41 107 107
1020_0070_0012_0108_0108.jpg 1 70 12 108 108
1021_0071_0060_0078_0078.jpg 1 71 60 78 78
1022_0062_0041_0131_0131.jpg 1 62 41 131 131
1023_0017_0050_0116_0116.jpg 1 17 50 116 116
1024_0135_0022_0078_0078.jpg 1 135 22 78 78
1025_0114_0063_0084_0084.jpg 1 114 63 84 84
1026_0031_0033_0104_0104.jpg 1 31 33 104 104
1027_0059_0030_0099_0099.jpg 1 59 30 99 99
1028_0087_0054_0128_0128.jpg 1 87 54 128 128
1029_0098_0054_0091_0091.jpg 1 98 54 91 91
1030_0034_0009_0132_0132.jpg 1 34 9 132 132
1031_0123_0061_0078_0078.jpg 1 123 61 78 78
1032_0051_0031_0124_0124.jpg 1 51 31 124 124
1033_0089_0050_0098_0098.jpg 1 89 50 98 98
1034_0141_0055_0077_0077.jpg 1 141 55 77 77
1035_0059_0010_0134_0134.jpg 1 59 10 134 134
1036_0037_0038_0134_0134.jpg 1 37 38 134 134
1037_0063_0029_0084_0084.jpg 1 63 29 84 84
1038_0099_0003_0109_0109.jpg 1 99 3 109 109
1039_0026_0112_0079_0079.jpg 1 26 112 79 79
1040_0126_0035_0099_0099.jpg 1 126 35 99 99
1041_0106_0053_0109_0109.jpg 1 106 53 109 109
1042_0025_0057_0080_0080.jpg 1 25 57 80 80
1043_0025_0071_0082_0082.jpg 1 25 71 82 82
1044_0069_0018_0114_0114.jpg 1 69 18 114 114
1045_0040_0041_0107_0107.jpg 1 40 41 107 107
1046_0031_0067_0107_0107.jpg 1 31 67 107 107
1047_0025_0118_0096_0096.jpg 1 25 118 96 96
1048_0091_0038_0118_0118.jpg 1 91 38 118 118
1049_0102_0006_0123_0123.jpg 1 102 6 123 123
1050_0120_0015_0102_0102.jpg 1 120 15 102 102
1051_0371_0121_0135_0135.jpg 1 371 121 135 135
1052_0165_0049_0079_0079.jpg 1 165 49 79 79
1053_0073_0022_0088_0088.jpg 1 73 22 88 88
1054_0059_0021_0074_0074.jpg 1 59 21 74 74
1055_0103_0076_0089_0089.jpg 1 103 76 89 89
1056_0164_0027_0085_0085.jpg 1 164 27 85 85
1057_0072_0018_0102_0102.jpg 1 72 18 102 102
1058_0074_0015_0114_0114.jpg 1 74 15 114 114
1059_0082_0057_0113_0113.jpg 1 82 57 113 113
1060_0033_0040_0081_0081.jpg 1 33 40 81 81
1061_0040_0009_0122_0122.jpg 1 40 9 122 122
1062_0044_0010_0123_0123.jpg 1 44 10 123 123
1063_0118_0054_0083_0083.jpg 1 118 54 83 83
1064_0076_0041_0097_0097.jpg 1 76 41 97 97
1065_0016_0058_0080_0080.jpg 1 16 58 80 80
1066_0079_0071_0078_0078.jpg 1 79 71 78 78
1067_0044_0069_0093_0093.jpg 1 44 69 93 93
1068_0129_0030_0089_0089.jpg 1 129 30 89 89
1069_0054_0046_0112_0112.jpg 1 54 46 112 112
1070_0074_0065_0114_0114.jpg 1 74 65 114 114
1071_0053_0042_0124_0124.jpg 1 53 42 124 124
1072_0076_0102_0097_0097.jpg 1 76 102 97 97
1073_0134_0048_0107_0107.jpg 1 134 48 107 107
1074_0021_0023_0131_0131.jpg 1 21 23 131 131
1075_0125_0055_0104_0104.jpg 1 125 55 104 104
1076_0043_0014_0109_0109.jpg 1 43 14 109 109
1077_0096_0023_0125_0125.jpg 1 96 23 125 125
1078_0146_0040_0076_0076.jpg 1 146 40 76 76
1079_0041_0020_0120_0120.jpg 1 41 20 120 120
1080_0073_0017_0125_0125.jpg 1 73 17 125 125
1081_0025_0037_0125_0125.jpg 1 25 37 125 125
1082_0109_0070_0072_0072.jpg 1 109 70 72 72
1083_0099_0070_0106_0106.jpg 1 99 70 106 106
1084_0032_0047_0098_0098.jpg 1 32 47 98 98
1085_0018_0017_0125_0125.jpg 1 18 17 125 125
1086_0078_0026_0120_0120.jpg 1 78 26 120 120
1087_0068_0022_0129_0129.jpg 1 68 22 129 129
1088_0063_0037_0108_0108.jpg 1 63 37 108 108
1089_0021_0051_0113_0113.jpg 1 21 51 113 113
1090_0024_0081_0078_0078.jpg 1 24 81 78 78
1091_0032_0049_0126_0126.jpg 1 32 49 126 126
1092_0095_0062_0092_0092.jpg 1 95 62 92 92
1093_0098_0094_0072_0072.jpg 1 98 94 72 72
1094_0030_0051_0084_0084.jpg 1 30 51 84 84
1095_0063_0016_0094_0094.jpg 1 63 16 94 94
1096_0038_0046_0111_0111.jpg 1 38 46 111 111
1097_0115_0019_0125_0125.jpg 1 115 19 125 125
1098_0112_0045_0101_0101.jpg 1 112 45 101 101
1099_0104_0042_0111_0111.jpg 1 104 42 111 111
1100_0047_0036_0082_0082.jpg 1 47 36 82 82
1101_0014_0072_0087_0087.jpg 1 14 72 87 87
1102_0024_0020_0129_0129.jpg 1 24 20 129 129
1103_0025_0049_0095_0095.jpg 1 25 49 95 95
1104_0094_0013_0130_0130.jpg 1 94 13 130 130
1105_0054_0032_0118_0118.jpg 1 54 32 118 118
1106_0132_0021_0100_0100.jpg 1 132 21 100 100
1107_0097_0023_0111_0111.jpg 1 97 23 111 111
1108_0051_0065_0095_0095.jpg 1 51 65 95 95
1109_0097_0007_0120_0120.jpg 1 97 7 120 120
1110_0031_0104_0073_0073.jpg 1 31 104 73 73
1111_0092_0014_0103_0103.jpg 1 92 14 103 103
1112_0062_0033_0093_0093.jpg 1 62 33 93 93
1113_0050_0064_0108_0108.jpg 1 50 64 108 108
1114_0071_0046_0101_0101.jpg 1 71 46 101 101
1115_0064_0011_0119_0119.jpg 1 64 11 119 119
1116_0068_0078_0097_0097.jpg 1 68 78 97 97
1117_0118_0054_0105_0105.jpg 1 118 54 105 105
1118_0036_0035_0113_0113.jpg 1 36 35 113 113
1119_0066_0047_0107_0107.jpg 1 66 47 107 107
1120_0022_0104_0116_0116.jpg 1 22 104 116 116
1121_0114_0014_0126_0126.jpg 1 114 14 126 126
1122_0042_0010_0110_0110.jpg 1 42 10 110 110
1123_0018_0051_0127_0127.jpg 1 18 51 127 127
1124_0103_0010_0135_0135.jpg 1 103 10 135 135
1125_0024_0022_0132_0132.jpg 1 24 22 132 132
1126_0165_0062_0089_0089.jpg 1 165 62 89 89
1127_0018_0058_0097_0097.jpg 1 18 58 97 97
1128_0066_0017_0132_0132.jpg 1 66 17 132 132
1129_0052_0025_0081_0081.jpg 1 52 25 81 81
1130_0067_0045_0098_0098.jpg 1 67 45 98 98
1131_0008_0092_0120_0120.jpg 1 8 92 120 120
1132_0123_0033_0095_0095.jpg 1 123 33 95 95
1133_0045_0022_0096_0096.jpg 1 45 22 96 96
1134_0085_0012_0091_0091.jpg 1 85 12 91 91
1135_0069_0012_0125_0125.jpg 1 69 12 125 125
1136_0139_0041_0095_0095.jpg 1 139 41 95 95
1137_0031_0024_0085_0085.jpg 1 31 24 85 85
1138_0039_0000_0126_0126.jpg 1 39 0 126 126
1139_0086_0043_0074_0074.jpg 1 86 43 74 74
1140_0076_0076_0116_0116.jpg 1 76 76 116 116
1141_0096_0068_0080_0080.jpg 1 96 68 80 80
1142_0081_0029_0076_0076.jpg 1 81 29 76 76
1143_0038_0011_0112_0112.jpg 1 38 11 112 112
1144_0142_0066_0079_0079.jpg 1 142 66 79 79
1145_0111_0065_0083_0083.jpg 1 111 65 83 83
1146_0112_0088_0089_0089.jpg 1 112 88 89 89
1147_0169_0015_0094_0094.jpg 1 169 15 94 94
1148_0137_0028_0075_0075.jpg 1 137 28 75 75
1149_0106_0013_0124_0124.jpg 1 106 13 124 124
1150_0075_0031_0125_0125.jpg 1 75 31 125 125
1151_0089_0038_0125_0125.jpg 1 89 38 125 125
1152_0068_0004_0127_0127.jpg 1 68 4 127 127
1153_0069_0033_0083_0083.jpg 1 69 33 83 83
1154_0030_0009_0114_0114.jpg 1 30 9 114 114
1155_0052_0017_0126_0126.jpg 1 52 17 126 126
1156_0070_0071_0105_0105.jpg 1 70 71 105 105
1157_0018_0119_0104_0104.jpg 1 18 119 104 104
1158_0045_0066_0089_0089.jpg 1 45 66 89 89
1159_0033_0064_0113_0113.jpg 1 33 64 113 113
1160_0044_0088_0088_0088.jpg 1 44 88 88 88
1161_0077_0036_0088_0088.jpg 1 77 36 88 88
1162_0145_0053_0076_0076.jpg 1 145 53 76 76
1163_0081_0018_0134_0134.jpg 1 81 18 134 134
1164_0060_0017_0082_0082.jpg 1 60 17 82 82
1165_0036_0038_0108_0108.jpg 1 36 38 108 108
1166_0020_0035_0129_0129.jpg 1 20 35 129 129
1167_0062_0056_0103_0103.jpg 1 62 56 103 103
1168_0066_0041_0101_0101.jpg 1 66 41 101 101
1169_0114_0028_0074_0074.jpg 1 114 28 74 74
1170_0135_0038_0106_0106.jpg 1 135 38 106 106
1171_0014_0024_0123_0123.jpg 1 14 24 123 123
1172_0020_0055_0115_0115.jpg 1 20 55 115 115
1173_0102_0014_0092_0092.jpg 1 102 14 92 92
1174_0044_0012_0112_0112.jpg 1 44 12 112 112
1175_0074_0011_0113_0113.jpg 1 74 11 113 113
1176_0137_0015_0120_0120.jpg 1 137 15 120 120
1177_0025_0020_0127_0127.jpg 1 25 20 127 127
1178_0129_0026_0094_0094.jpg 1 129 26 94 94
1179_0023_0068_0090_0090.jpg 1 23 68 90 90
1180_0134_0046_0072_0072.jpg 1 134 46 72 72
1181_0126_0082_0089_0089.jpg 1 126 82 89 89
1182_0027_0030_0108_0108.jpg 1 27 30 108 108
1183_0070_0086_0074_0074.jpg 1 70 86 74 74
1184_0036_0066_0081_0081.jpg 1 36 66 81 81
1185_0043_0033_0127_0127.jpg 1 43 33 127 127
1186_0048_0083_0094_0094.jpg 1 48 83 94 94
1187_0025_0008_0081_0081.jpg 1 25 8 81 81
1188_0075_0079_0081_0081.jpg 1 75 79 81 81
1189_0072_0047_0126_0126.jpg 1 72 47 126 126
1190_0149_0052_0073_0073.jpg 1 149 52 73 73
1191_0137_0065_0076_0076.jpg 1 137 65 76 76
1192_0064_0032_0073_0073.jpg 1 64 32 73 73
1193_0022_0122_0072_0072.jpg 1 22 122 72 72
1194_0096_0040_0092_0092.jpg 1 96 40 92 92
1195_0119_0068_0086_0086.jpg 1 119 68 86 86
1196_0017_0021_0109_0109.jpg 1 17 21 109 109
1197_0026_0047_0103_0103.jpg 1 26 47 103 103
1198_0022_0042_0118_0118.jpg 1 22 42 118 118
1199_0042_0027_0091_0091.jpg 1 42 27 91 91
1200_0130_0033_0077_0077.jpg 1 130 33 77 77
1201_0063_0020_0089_0089.jpg 1 63 20 89 89
1202_0135_0070_0077_0077.jpg 1 135 70 77 77
1203_0062_0032_0124_0124.jpg 1 62 32 124 124
1204_0052_0034_0102_0102.jpg 1 52 34 102 102
1205_0050_0098_0079_0079.jpg 1 50 98 79 79
1206_0091_0009_0088_0088.jpg 1 91 9 88 88
1207_0064_0058_0118_0118.jpg 1 64 58 118 118
1208_0038_0020_0100_0100.jpg 1 38 20 100 100
1209_0071_0089_0110_0110.jpg 1 71 89 110 110
1210_0047_0023_0112_0112.jpg 1 47 23 112 112
1211_0168_0032_0080_0080.jpg 1 168 32 80 80
1212_0048_0093_0078_0078.jpg 1 48 93 78 78
1213_0060_0081_0114_0114.jpg 1 60 81 114 114
1214_0132_0024_0090_0090.jpg 1 132 24 90 90
1215_0034_0016_0108_0108.jpg 1 34 16 108 108
1216_0123_0070_0102_0102.jpg 1 123 70 102 102
1217_0052_0034_0099_0099.jpg 1 52 34 99 99
1218_0028_0018_0074_0074.jpg 1 28 18 74 74
1219_0054_0010_0105_0105.jpg 1 54 10 105 105
1220_0069_0010_0088_0088.jpg 1 69 10 88 88
1221_0034_0094_0086_0086.jpg 1 34 94 86 86
1222_0143_0040_0079_0079.jpg 1 143 40 79 79
1223_0075_0005_0130_0130.jpg 1 75 5 130 130
1224_0082_0089_0086_0086.jpg 1 82 89 86 86
1225_0109_0057_0085_0085.jpg 1 109 57 85 85
1226_0067_0032_0103_0103.jpg 1 67 32 103 103
1227_0460_0173_0092_0092.jpg 1 460 173 92 92
1228_0092_0007_0123_0123.jpg 1 92 7 123 123
1229_0018_0046_0087_0087.jpg 1 18 46 87 87
1230_0018_0010_0124_0124.jpg 1 18 10 124 124
1231_0131_0020_0108_0108.jpg 1 131 20 108 108
1232_0139_0043_0098_0098.jpg 1 139 43 98 98
1233_0037_0044_0075_0075.jpg 1 37 44 75 75
1234_0039_0014_0102_0102.jpg 1 39 14 102 102
1235_0028_0039_0114_0114.jpg 1 28 39 114 114
1236_0218_0026_0077_0077.jpg 1 218 26 77 77
1237_0040_0050_0100_0100.jpg 1 40 50 100 100
1238_0048_0011_0085_0085.jpg 1 48 11 85 85
1239_0019_0043_0119_0119.jpg 1 19 43 119 119
1240_0075_0000_0126_0126.jpg 1 75 0 126 126
1241_0105_0059_0091_0091.jpg 1 105 59 91 91
1242_0087_0071_0077_0077.jpg 1 87 71 77 77
1243_0088_0061_0082_0082.jpg 1 88 61 82 82
1244_0100_0036_0132_0132.jpg 1 100 36 132 132
1245_0050_0049_0073_0073.jpg 1 50 49 73 73
1246_0059_0033_0127_0127.jpg 1 59 33 127 127
1247_0065_0046_0100_0100.jpg 1 65 46 100 100
1248_0121_0032_0120_0120.jpg 1 121 32 120 120
1249_0075_0030_0081_0081.jpg 1 75 30 81 81
1250_0063_0014_0077_0077.jpg 1 63 14 77 77
1251_0086_0019_0087_0087.jpg 1 86 19 87 87
1252_0063_0062_0098_0098.jpg 1 63 62 98 98
1253_0078_0079_0109_0109.jpg 1 78 79 109 109
1254_0102_0023_0125_0125.jpg 1 102 23 125 125
1255_0139_0009_0117_0117.jpg 1 139 9 117 117
1256_0042_0068_0103_0103.jpg 1 42 68 103 103
1257_0041_0044_0113_0113.jpg 1 41 44 113 113
1258_0089_0019_0124_0124.jpg 1 89 19 124 124
1259_0024_0114_0088_0088.jpg 1 24 114 88 88
1260_0109_0011_0124_0124.jpg 1 109 11 124 124
1261_0204_0034_0090_0090.jpg 1 204 34 90 90
1262_0053_0057_0092_0092.jpg 1 53 57 92 92
1263_0050_0084_0118_0118.jpg 1 50 84 118 118
1264_0021_0050_0087_0087.jpg 1 21 50 87 87
1265_0022_0018_0123_0123.jpg 1 22 18 123 123
1266_0102_0059_0091_0091.jpg 1 102 59 91 91
1267_0113_0011_0102_0102.jpg 1 113 11 102 102
1268_0058_0049_0078_0078.jpg 1 58 49 78 78
1269_0033_0068_0134_0134.jpg 1 33 68 134 134
1270_0027_0054_0097_0097.jpg 1 27 54 97 97
1271_0141_0009_0104_0104.jpg 1 141 9 104 104
1272_0051_0014_0119_0119.jpg 1 51 14 119 119
1273_0080_0060_0101_0101.jpg 1 80 60 101 101
1274_0024_0021_0121_0121.jpg 1 24 21 121 121
1275_0022_0025_0112_0112.jpg 1 22 25 112 112
1276_0027_0061_0092_0092.jpg 1 27 61 92 92
1277_0037_0049_0102_0102.jpg 1 37 49 102 102
1278_0033_0022_0120_0120.jpg 1 33 22 120 120
1279_0036_0045_0104_0104.jpg 1 36 45 104 104
1280_0036_0015_0114_0114.jpg 1 36 15 114 114
1281_0020_0089_0107_0107.jpg 1 20 89 107 107
1282_0056_0008_0130_0130.jpg 1 56 8 130 130
1283_0024_0021_0124_0124.jpg 1 24 21 124 124
1284_0060_0026_0119_0119.jpg 1 60 26 119 119
1285_0054_0011_0135_0135.jpg 1 54 11 135 135
1286_0069_0049_0131_0131.jpg 1 69 49 131 131
1287_0052_0071_0082_0082.jpg 1 52 71 82 82
1288_0129_0026_0134_0134.jpg 1 129 26 134 134
1289_0030_0049_0129_0129.jpg 1 30 49 129 129
1290_0044_0032_0129_0129.jpg 1 44 32 129 129
1291_0141_0013_0089_0089.jpg 1 141 13 89 89
1292_0017_0035_0131_0131.jpg 1 17 35 131 131
1293_0012_0028_0114_0114.jpg 1 12 28 114 114
1294_0081_0040_0115_0115.jpg 1 81 40 115 115
1295_0112_0067_0086_0086.jpg 1 112 67 86 86
1296_0062_0039_0078_0078.jpg 1 62 39 78 78
1297_0091_0018_0123_0123.jpg 1 91 18 123 123
1298_0069_0031_0112_0112.jpg 1 69 31 112 112
1299_0058_0020_0079_0079.jpg 1 58 20 79 79
1300_0089_0015_0112_0112.jpg 1 89 15 112 112
1301_0097_0033_0125_0125.jpg 1 97 33 125 125
1302_0066_0026_0108_0108.jpg 1 66 26 108 108
1303_0117_0011_0091_0091.jpg 1 117 11 91 91
1304_0066_0090_0101_0101.jpg 1 66 90 101 101
1305_0054_0120_0072_0072.jpg 1 54 120 72 72
1306_0083_0062_0105_0105.jpg 1 83 62 105 105
1307_0092_0046_0085_0085.jpg 1 92 46 85 85
1308_0127_0027_0072_0072.jpg 1 127 27 72 72
1309_0032_0057_0093_0093.jpg 1 32 57 93 93
1310_0021_0045_0118_0118.jpg 1 21 45 118 118
1311_0023_0099_0083_0083.jpg 1 23 99 83 83
1312_0096_0003_0135_0135.jpg 1 96 3 135 135
1313_0055_0062_0127_0127.jpg 1 55 62 127 127
1314_0106_0062_0096_0096.jpg 1 106 62 96 96
1315_0112_0059_0077_0077.jpg 1 112 59 77 77
1316_0103_0027_0122_0122.jpg 1 103 27 122 122
1317_0032_0131_0095_0095.jpg 1 32 131 95 95
1318_0036_0018_0110_0110.jpg 1 36 18 110 110
1319_0016_0012_0132_0132.jpg 1 16 12 132 132
1320_0091_0018_0096_0096.jpg 1 91 18 96 96
1321_0089_0017_0081_0081.jpg 1 89 17 81 81
1322_0028_0045_0116_0116.jpg 1 28 45 116 116
1323_0101_0043_0101_0101.jpg 1 101 43 101 101
1324_0081_0038_0106_0106.jpg 1 81 38 106 106
1325_0024_0028_0103_0103.jpg 1 24 28 103 103
1326_0061_0017_0130_0130.jpg 1 61 17 130 130
1327_0109_0027_0086_0086.jpg 1 109 27 86 86
1328_0076_0024_0114_0114.jpg 1 76 24 114 114
1329_0180_0022_0086_0086.jpg 1 180 22 86 86
1330_0051_0084_0082_0082.jpg 1 51 84 82 82
1331_0043_0054_0074_0074.jpg 1 43 54 74 74
1332_0035_0072_0101_0101.jpg 1 35 72 101 101
1333_0138_0037_0089_0089.jpg 1 138 37 89 89
1334_0063_0041_0117_0117.jpg 1 63 41 117 117
1335_0036_0060_0104_0104.jpg 1 36 60 104 104
1336_0067_0017_0108_0108.jpg 1 67 17 108 108
1337_0093_0006_0123_0123.jpg 1 93 6 123 123
1338_0055_0039_0088_0088.jpg 1 55 39 88 88
1339_0045_0030_0099_0099.jpg 1 45 30 99 99
1340_0022_0022_0083_0083.jpg 1 22 22 83 83
1341_0031_0052_0081_0081.jpg 1 31 52 81 81
1342_0038_0007_0116_0116.jpg 1 38 7 116 116
1343_0078_0014_0081_0081.jpg 1 78 14 81 81
1344_0095_0015_0130_0130.jpg 1 95 15 130 130
1345_0019_0086_0085_0085.jpg 1 19 86 85 85
1346_0022_0008_0133_0133.jpg 1 22 8 133 133
1347_0027_0068_0117_0117.jpg 1 27 68 117 117
1348_0096_0040_0135_0135.jpg 1 96 40 135 135
1349_0024_0049_0132_0132.jpg 1 24 49 132 132
1350_0085_0004_0121_0121.jpg 1 85 4 121 121
1351_0032_0021_0095_0095.jpg 1 32 21 95 95
1352_0098_0059_0083_0083.jpg 1 98 59 83 83
1353_0074_0041_0111_0111.jpg 1 74 41 111 111
1354_0086_0024_0079_0079.jpg 1 86 24 79 79
1355_0046_0031_0115_0115.jpg 1 46 31 115 115
1356_0076_0028_0128_0128.jpg 1 76 28 128 128
1357_0160_0021_0088_0088.jpg 1 160 21 88 88
1358_0187_0028_0088_0088.jpg 1 187 28 88 88
1359_0068_0106_0075_0075.jpg 1 68 106 75 75
1360_0110_0039_0105_0105.jpg 1 110 39 105 105
1361_0144_0048_0084_0084.jpg 1 144 48 84 84
1362_0041_0031_0120_0120.jpg 1 41 31 120 120
1363_0097_0088_0094_0094.jpg 1 97 88 94 94
1364_0070_0058_0131_0131.jpg 1 70 58 131 131
1365_0120_0034_0116_0116.jpg 1 120 34 116 116
1366_0044_0059_0084_0084.jpg 1 44 59 84 84
1367_0040_0036_0114_0114.jpg 1 40 36 114 114
1368_0044_0008_0119_0119.jpg 1 44 8 119 119
1369_0035_0018_0094_0094.jpg 1 35 18 94 94
1370_0041_0035_0113_0113.jpg 1 41 35 113 113
1371_0069_0064_0095_0095.jpg 1 69 64 95 95
1372_0031_0074_0097_0097.jpg 1 31 74 97 97
1373_0020_0043_0094_0094.jpg 1 20 43 94 94
1374_0108_0070_0073_0073.jpg 1 108 70 73 73
1375_0058_0021_0092_0092.jpg 1 58 21 92 92
1376_0088_0037_0103_0103.jpg 1 88 37 103 103
1377_0028_0037_0076_0076.jpg 1 28 37 76 76
1378_0037_0038_0121_0121.jpg 1 37 38 121 121
1379_0045_0034_0118_0118.jpg 1 45 34 118 118
1380_0067_0016_0079_0079.jpg 1 67 16 79 79
1381_0096_0014_0114_0114.jpg 1 96 14 114 114
1382_0054_0034_0123_0123.jpg 1 54 34 123 123
1383_0054_0055_0114_0114.jpg 1 54 55 114 114
1384_0087_0038_0131_0131.jpg 1 87 38 131 131
1385_0051_0041_0129_0129.jpg 1 51 41 129 129
1386_0049_0031_0094_0094.jpg 1 49 31 94 94
1387_0022_0030_0108_0108.jpg 1 22 30 108 108
1388_0026_0051_0082_0082.jpg 1 26 51 82 82
1389_0072_0007_0124_0124.jpg 1 72 7 124 124
1390_0087_0025_0117_0117.jpg 1 87 25 117 117
1391_0018_0037_0124_0124.jpg 1 18 37 124 124
1392_0045_0050_0130_0130.jpg 1 45 50 130 130
1393_0066_0015_0112_0112.jpg 1 66 15 112 112
1394_0066_0015_0123_0123.jpg 1 66 15 123 123
1395_0026_0013_0107_0107.jpg 1 26 13 107 107
1396_0037_0062_0109_0109.jpg 1 37 62 109 109
1397_0076_0047_0101_0101.jpg 1 76 47 101 101
1398_0042_0067_0095_0095.jpg 1 42 67 95 95
1399_0018_0040_0129_0129.jpg 1 18 40 129 129
1400_0143_0010_0090_0090.jpg 1 143 10 90 90
1401_0074_0063_0129_0129.jpg 1 74 63 129 129
1402_0042_0058_0110_0110.jpg 1 42 58 110 110
1403_0117_0039_0087_0087.jpg 1 117 39 87 87
1404_0103_0022_0105_0105.jpg 1 103 22 105 105
1405_0086_0023_0110_0110.jpg 1 86 23 110 110
1406_0111_0002_0129_0129.jpg 1 111 2 129 129
1407_0095_0033_0122_0122.jpg 1 95 33 122 122
1408_0098_0040_0094_0094.jpg 1 98 40 94 94
1409_0100_0079_0093_0093.jpg 1 100 79 93 93
1410_0053_0010_0124_0124.jpg 1 53 10 124 124
1411_0159_0046_0083_0083.jpg 1 159 46 83 83
1412_0068_0066_0087_0087.jpg 1 68 66 87 87
1413_0059_0029_0093_0093.jpg 1 59 29 93 93
1414_0025_0034_0118_0118.jpg 1 25 34 118 118
1415_0104_0040_0130_0130.jpg 1 104 40 130 130
1416_0059_0008_0108_0108.jpg 1 59 8 108 108
1417_0050_0042_0124_0124.jpg 1 50 42 124 124
1418_0034_0018_0102_0102.jpg 1 34 18 102 102
1419_0076_0033_0134_0134.jpg 1 76 33 134 134
1420_0097_0049_0099_0099.jpg 1 97 49 99 99
1421_0214_0037_0079_0079.jpg 1 214 37 79 79
1422_0026_0061_0117_0117.jpg 1 26 61 117 117
1423_0076_0046_0094_0094.jpg 1 76 46 94 94
1424_0120_0087_0082_0082.jpg 1 120 87 82 82
1425_0068_0059_0099_0099.jpg 1 68 59 99 99
1426_0079_0070_0094_0094.jpg 1 79 70 94 94
1427_0060_0012_0107_0107.jpg 1 60 12 107 107
1428_0069_0049_0100_0100.jpg 1 69 49 100 100
1429_0125_0051_0084_0084.jpg 1 125 51 84 84
1430_0029_0067_0096_0096.jpg 1 29 67 96 96
1431_0069_0058_0105_0105.jpg 1 69 58 105 105
1432_0034_0051_0087_0087.jpg 1 34 51 87 87
1433_0069_0007_0118_0118.jpg 1 69 7 118 118
1434_0135_0021_0120_0120.jpg 1 135 21 120 120
1435_0102_0034_0125_0125.jpg 1 102 34 125 125
1436_0157_0022_0089_0089.jpg 1 157 22 89 89
1437_0144_0075_0073_0073.jpg 1 144 75 73 73
1438_0069_0018_0116_0116.jpg 1 69 18 116 116
1439_0145_0024_0116_0116.jpg 1 145 24 116 116
1440_0135_0012_0128_0128.jpg 1 135 12 128 128
1441_0019_0021_0113_0113.jpg 1 19 21 113 113
1442_0087_0023_0128_0128.jpg 1 87 23 128 128
1443_0095_0035_0124_0124.jpg 1 95 35 124 124
1444_0133_0028_0076_0076.jpg 1 133 28 76 76
1445_0062_0013_0073_0073.jpg 1 62 13 73 73
1446_0018_0030_0101_0101.jpg 1 18 30 101 101
1447_0058_0031_0100_0100.jpg 1 58 31 100 100
1448_0019_0013_0103_0103.jpg 1 19 13 103 103
1449_0106_0031_0110_0110.jpg 1 106 31 110 110
1450_0112_0054_0091_0091.jpg 1 112 54 91 91
1451_0032_0006_0122_0122.jpg 1 32 6 122 122
1452_0036_0053_0129_0129.jpg 1 36 53 129 129
1453_0082_0029_0081_0081.jpg 1 82 29 81 81
1454_0086_0075_0086_0086.jpg 1 86 75 86 86
1455_0101_0020_0125_0125.jpg 1 101 20 125 125
1456_0088_0083_0080_0080.jpg 1 88 83 80 80
1457_0109_0014_0117_0117.jpg 1 109 14 117 117
1458_0034_0034_0080_0080.jpg 1 34 34 80 80
1459_0112_0011_0124_0124.jpg 1 112 11 124 124
1460_0045_0044_0103_0103.jpg 1 45 44 103 103
1461_0067_0059_0104_0104.jpg 1 67 59 104 104
1462_0029_0067_0091_0091.jpg 1 29 67 91 91
1463_0084_0041_0090_0090.jpg 1 84 41 90 90
1464_0083_0022_0119_0119.jpg 1 83 22 119 119
1465_0064_0030_0082_0082.jpg 1 64 30 82 82
1466_0211_0001_0118_0118.jpg 1 211 1 118 118
1467_0055_0063_0103_0103.jpg 1 55 63 103 103
1468_0074_0059_0105_0105.jpg 1 74 59 105 105
1469_0105_0069_0100_0100.jpg 1 105 69 100 100
1470_0101_0024_0089_0089.jpg 1 101 24 89 89
1471_0082_0048_0105_0105.jpg 1 82 48 105 105
1472_0079_0018_0116_0116.jpg 1 79 18 116 116
1473_0135_0058_0074_0074.jpg 1 135 58 74 74
1474_0055_0013_0126_0126.jpg 1 55 13 126 126
1475_0107_0054_0085_0085.jpg 1 107 54 85 85
1476_0089_0017_0107_0107.jpg 1 89 17 107 107
1477_0038_0043_0073_0073.jpg 1 38 43 73 73
1478_0070_0023_0080_0080.jpg 1 70 23 80 80
1479_0070_0039_0124_0124.jpg 1 70 39 124 124
1480_0047_0033_0090_0090.jpg 1 47 33 90 90
1481_0052_0034_0131_0131.jpg 1 52 34 131 131
1482_0154_0067_0081_0081.jpg 1 154 67 81 81
1483_0065_0014_0095_0095.jpg 1 65 14 95 95
1484_0050_0058_0077_0077.jpg 1 50 58 77 77
1485_0040_0010_0110_0110.jpg 1 40 10 110 110
1486_0041_0023_0076_0076.jpg 1 41 23 76 76
1487_0026_0009_0114_0114.jpg 1 26 9 114 114
1488_0067_0067_0115_0115.jpg 1 67 67 115 115
1489_0068_0019_0103_0103.jpg 1 68 19 103 103
1490_0032_0022_0100_0100.jpg 1 32 22 100 100
1491_0084_0043_0084_0084.jpg 1 84 43 84 84
1492_0082_0020_0119_0119.jpg 1 82 20 119 119
1493_0033_0014_0122_0122.jpg 1 33 14 122 122
1494_0087_0037_0088_0088.jpg 1 87 37 88 88
1495_0152_0012_0106_0106.jpg 1 152 12 106 106
1496_0103_0042_0116_0116.jpg 1 103 42 116 116
1497_0034_0035_0100_0100.jpg 1 34 35 100 100
1498_0083_0089_0088_0088.jpg 1 83 89 88 88
1499_0065_0114_0088_0088.jpg 1 65 114 88 88
1500_0049_0010_0118_0118.jpg 1 49 10 118 118
1501_0027_0052_0078_0078.jpg 1 27 52 78 78
1502_0047_0071_0122_0122.jpg 1 47 71 122 122
1503_0121_0039_0109_0109.jpg 1 121 39 109 109
1504_0031_0017_0098_0098.jpg 1 31 17 98 98
1505_0030_0049_0122_0122.jpg 1 30 49 122 122
1506_0100_0070_0089_0089.jpg 1 100 70 89 89
1507_0055_0028_0118_0118.jpg 1 55 28 118 118
1508_0064_0031_0120_0120.jpg 1 64 31 120 120
1509_0024_0020_0083_0083.jpg 1 24 20 83 83
1510_0023_0019_0096_0096.jpg 1 23 19 96 96
1511_0019_0028_0132_0132.jpg 1 19 28 132 132
1512_0105_0003_0127_0127.jpg 1 105 3 127 127
1513_0115_0049_0085_0085.jpg 1 115 49 85 85
1514_0104_0047_0115_0115.jpg 1 104 47 115 115
1515_0020_0038_0101_0101.jpg 1 20 38 101 101
1516_0152_0015_0077_0077.jpg 1 152 15 77 77
1517_0066_0096_0100_0100.jpg 1 66 96 100 100
1518_0050_0079_0114_0114.jpg 1 50 79 114 114
1519_0108_0056_0109_0109.jpg 1 108 56 109 109
1520_0026_0048_0121_0121.jpg 1 26 48 121 121
1521_0023_0027_0097_0097.jpg 1 23 27 97 97
1522_0076_0068_0081_0081.jpg 1 76 68 81 81
1523_0041_0074_0094_0094.jpg 1 41 74 94 94
1524_0110_0063_0094_0094.jpg 1 110 63 94 94
1525_0230_0005_0090_0090.jpg 1 230 5 90 90
1526_0060_0035_0083_0083.jpg 1 60 35 83 83
1527_0051_0001_0124_0124.jpg 1 51 1 124 124
1528_0098_0090_0085_0085.jpg 1 98 90 85 85
1529_0058_0024_0125_0125.jpg 1 58 24 125 125
1530_0020_0080_0106_0106.jpg 1 20 80 106 106
1531_0139_0013_0098_0098.jpg 1 139 13 98 98
1532_0043_0019_0097_0097.jpg 1 43 19 97 97
1533_0118_0028_0097_0097.jpg 1 118 28 97 97
1534_0057_0006_0123_0123.jpg 1 57 6 123 123
1535_0041_0028_0097_0097.jpg 1 41 28 97 97
1536_0025_0017_0121_0121.jpg 1 25 17 121 121
1537_0014_0013_0119_0119.jpg 1 14 13 119 119
1538_0061_0027_0130_0130.jpg 1 61 27 130 130
1539_0062_0029_0122_0122.jpg 1 62 29 122 122
1540_0037_0022_0097_0097.jpg 1 37 22 97 97
1541_0122_0011_0097_0097.jpg 1 122 11 97 97
1542_0119_0023_0116_0116.jpg 1 119 23 116 116
1543_0095_0019_0072_0072.jpg 1 95 19 72 72
1544_0050_0042_0118_0118.jpg 1 50 42 118 118
1545_0109_0069_0078_0078.jpg 1 109 69 78 78
1546_0047_0057_0105_0105.jpg 1 47 57 105 105
1547_0038_0066_0131_0131.jpg 1 38 66 131 131
1548_0028_0021_0106_0106.jpg 1 28 21 106 106
1549_0081_0064_0111_0111.jpg 1 81 64 111 111
1550_0018_0009_0134_0134.jpg 1 18 9 134 134
1551_0051_0024_0117_0117.jpg 1 51 24 117 117
1552_0034_0040_0089_0089.jpg 1 34 40 89 89
1553_0113_0032_0130_0130.jpg 1 113 32 130 130
1554_0058_0066_0090_0090.jpg 1 58 66 90 90
1555_0111_0049_0072_0072.jpg 1 111 49 72 72
1556_0085_0009_0132_0132.jpg 1 85 9 132 132
1557_0079_0057_0113_0113.jpg 1 79 57 113 113
1558_0085_0023_0113_0113.jpg 1 85 23 113 113
1559_0036_0008_0132_0132.jpg 1 36 8 132 132
1560_0062_0039_0130_0130.jpg 1 62 39 130 130
1561_0050_0044_0126_0126.jpg 1 50 44 126 126
1562_0079_0077_0122_0122.jpg 1 79 77 122 122
1563_0098_0053_0092_0092.jpg 1 98 53 92 92
1564_0084_0031_0115_0115.jpg 1 84 31 115 115
1565_0048_0063_0115_0115.jpg 1 48 63 115 115
1566_0123_0025_0112_0112.jpg 1 123 25 112 112
1567_0095_0013_0088_0088.jpg 1 95 13 88 88
1568_0068_0068_0084_0084.jpg 1 68 68 84 84
1569_0028_0128_0095_0095.jpg 1 28 128 95 95
1570_0077_0096_0077_0077.jpg 1 77 96 77 77
