0001_0052_0015_0105_0105.jpg 1 52 15 105 105
0002_0033_0055_0089_0089.jpg 1 33 55 89 89
0003_0068_0021_0097_0097.jpg 1 68 21 97 97
0004_0053_0012_0103_0103.jpg 1 53 12 103 103
0005_0051_0047_0095_0095.jpg 1 51 47 95 95
0006_0066_0012_0093_0093.jpg 1 66 12 93 93
0007_0052_0058_0110_0110.jpg 1 52 58 110 110
0008_0141_0061_0079_0079.jpg 1 141 61 79 79
0009_0179_0007_0109_0109.jpg 1 179 7 109 109
0010_0109_0049_0106_0106.jpg 1 109 49 106 106
0011_0042_0073_0100_0100.jpg 1 42 73 100 100
0012_0045_0028_0100_0100.jpg 1 45 28 100 100
0013_0110_0053_0072_0072.jpg 1 110 53 72 72
0014_0038_0036_0079_0079.jpg 1 38 36 79 79
0015_0149_0017_0088_0088.jpg 1 149 17 88 88
0016_0090_0066_0078_0078.jpg 1 90 66 78 78
0017_0098_0011_0113_0113.jpg 1 98 11 113 113
0018_0032_0058_0104_0104.jpg 1 32 58 104 104
0019_0066_0093_0078_0078.jpg 1 66 93 78 78
0020_0133_0025_0113_0113.jpg 1 133 25 113 113
0021_0024_0092_0108_0108.jpg 1 24 92 108 108
0022_0107_0017_0080_0080.jpg 1 107 17 80 80
0023_0040_0035_0092_0092.jpg 1 40 35 92 92
0024_0045_0089_0111_0111.jpg 1 45 89 111 111
0025_0038_0072_0108_0108.jpg 1 38 72 108 108
0026_0057_0024_0109_0109.jpg 1 57 24 109 109
0027_0013_0031_0074_0074.jpg 1 13 31 74 74
0028_0074_0017_0109_0109.jpg 1 74 17 109 109
0029_0065_0077_0106_0106.jpg 1 65 77 106 106
0030_0063_0016_0096_0096.jpg 1 63 16 96 96
0031_0119_0031_0111_0111.jpg 1 119 31 111 111
0032_0081_0039_0102_0102.jpg 1 81 39 102 102
0033_0080_0010_0108_0108.jpg 1 80 10 108 108
0034_0108_0087_0095_0095.jpg 1 108 87 95 95
0035_0165_0050_0087_0087.jpg 1 165 50 87 87
0036_0080_0028_0109_0109.jpg 1 80 28 109 109
0037_0060_0023_0104_0104.jpg 1 60 23 104 104
0038_0089_0045_0108_0108.jpg 1 89 45 108 108
0039_0079_0045_0098_0098.jpg 1 79 45 98 98
0040_0030_0019_0076_0076.jpg 1 30 19 76 76
0041_0107_0025_0095_0095.jpg 1 107 25 95 95
0042_0037_0013_0100_0100.jpg 1 37 13 100 100
0043_0030_0020_0080_0080.jpg 1 30 20 80 80
0044_0084_0010_0102_0102.jpg 1 84 10 102 102
0045_0038_0041_0095_0095.jpg 1 38 41 95 95
0046_0028_0075_0090_0090.jpg 1 28 75 90 90
0047_0062_0049_0112_0112.jpg 1 62 49 112 112
0048_0148_0035_0078_0078.jpg 1 148 35 78 78
0049_0121_0098_0072_0072.jpg 1 121 98 72 72
0050_0122_0058_0098_0098.jpg 1 122 58 98 98
0051_0032_0049_0072_0072.jpg 1 32 49 72 72
0052_0118_0016_0085_0085.jpg 1 118 16 85 85
0053_0026_0029_0084_0084.jpg 1 26 29 84 84
0054_0055_0041_0094_0094.jpg 1 55 41 94 94
0055_0141_0023_0102_0102.jpg 1 141 23 102 102
0056_0035_0051_0086_0086.jpg 1 35 51 86 86
0057_0101_0032_0100_0100.jpg 1 101 32 100 100
0058_0048_0088_0076_0076.jpg 1 48 88 76 76
0059_0076_0068_0079_0079.jpg 1 76 68 79 79
0060_0111_0028_0091_0091.jpg 1 111 28 91 91
0061_0085_0050_0110_0110.jpg 1 85 50 110 110
0062_0015_0098_0073_0073.jpg 1 15 98 73 73
0063_0112_0028_0080_0080.jpg 1 112 28 80 80
0064_0088_0032_0092_0092.jpg 1 88 32 92 92
0065_0061_0074_0095_0095.jpg 1 61 74 95 95
0066_0123_0020_0105_0105.jpg 1 123 20 105 105
0067_0074_0016_0098_0098.jpg 1 74 16 98 98
0068_0036_0052_0074_0074.jpg 1 36 52 74 74
0069_0054_0078_0072_0072.jpg 1 54 78 72 72
0070_0108_0053_0077_0077.jpg 1 108 53 77 77
0071_0096_0052_0095_0095.jpg 1 96 52 95 95
0072_0114_0056_0111_0111.jpg 1 114 56 111 111
0073_0050_0049_0093_0093.jpg 1 50 49 93 93
0074_0076_0014_0105_0105.jpg 1 76 14 105 105
0075_0098_0025_0106_0106.jpg 1 98 25 106 106
0076_0025_0076_0113_0113.jpg 1 25 76 113 113
0077_0027_0050_0107_0107.jpg 1 27 50 107 107
0078_0103_0024_0088_0088.jpg 1 103 24 88 88
0079_0029_0026_0111_0111.jpg 1 29 26 111 111
0080_0075_0017_0082_0082.jpg 1 75 17 82 82
0081_0033_0094_0083_0083.jpg 1 33 94 83 83
0082_0037_0069_0110_0110.jpg 1 37 69 110 110
0083_0035_0034_0082_0082.jpg 1 35 34 82 82
0084_0062_0115_0110_0110.jpg 1 62 115 110 110
0085_0171_0010_0092_0092.jpg 1 171 10 92 92
0086_0021_0047_0098_0098.jpg 1 21 47 98 98
0087_0130_0068_0082_0082.jpg 1 130 68 82 82
0088_0061_0039_0076_0076.jpg 1 61 39 76 76
0089_0129_0044_0094_0094.jpg 1 129 44 94 94
0090_0062_0048_0106_0106.jpg 1 62 48 106 106
0091_0059_0070_0092_0092.jpg 1 59 70 92 92
0092_0086_0014_0092_0092.jpg 1 86 14 92 92
0093_0119_0031_0105_0105.jpg 1 119 31 105 105
0094_0118_0029_0098_0098.jpg 1 118 29 98 98
0095_0097_0040_0101_0101.jpg 1 97 40 101 101
0096_0030_0034_0100_0100.jpg 1 30 34 100 100
0097_0104_0040_0108_0108.jpg 1 104 40 108 108
0098_0046_0039_0112_0112.jpg 1 46 39 112 112
0099_0035_0118_0086_0086.jpg 1 35 118 86 86
0100_0044_0065_0090_0090.jpg 1 44 65 90 90
0101_0073_0050_0097_0097.jpg 1 73 50 97 97
0102_0094_0060_0077_0077.jpg 1 94 60 77 77
0103_0056_0015_0079_0079.jpg 1 56 15 79 79
0104_0031_0041_0097_0097.jpg 1 31 41 97 97
0105_0072_0033_0114_0114.jpg 1 72 33 114 114
0106_0290_0444_0099_0099.jpg 1 290 444 99 99
0107_0040_0074_0104_0104.jpg 1 40 74 104 104
0108_0028_0105_0075_0075.jpg 1 28 105 75 75
0109_0122_0018_0105_0105.jpg 1 122 18 105 105
0110_0107_0061_0083_0083.jpg 1 107 61 83 83
0111_0144_0057_0073_0073.jpg 1 144 57 73 73
0112_0046_0096_0096_0096.jpg 1 46 96 96 96
0113_0135_0025_0087_0087.jpg 1 135 25 87 87
0114_0040_0020_0106_0106.jpg 1 40 20 106 106
0115_0100_0080_0087_0087.jpg 1 100 80 87 87
0116_0052_0032_0104_0104.jpg 1 52 32 104 104
0117_0043_0041_0075_0075.jpg 1 43 41 75 75
0118_0107_0042_0087_0087.jpg 1 107 42 87 87
0119_0028_0066_0102_0102.jpg 1 28 66 102 102
0120_0034_0038_0103_0103.jpg 1 34 38 103 103
0121_0060_0030_0097_0097.jpg 1 60 30 97 97
0122_0034_0038_0106_0106.jpg 1 34 38 106 106
0123_0147_0027_0103_0103.jpg 1 147 27 103 103
0124_0062_0021_0082_0082.jpg 1 62 21 82 82
0125_0057_0013_0094_0094.jpg 1 57 13 94 94
0126_0108_0069_0076_0076.jpg 1 108 69 76 76
0127_0096_0051_0086_0086.jpg 1 96 51 86 86
0128_0055_0046_0092_0092.jpg 1 55 46 92 92
0129_0142_0076_0084_0084.jpg 1 142 76 84 84
0130_0119_0013_0087_0087.jpg 1 119 13 87 87
0131_0060_0028_0110_0110.jpg 1 60 28 110 110
0132_0087_0076_0098_0098.jpg 1 87 76 98 98
0133_0070_0016_0110_0110.jpg 1 70 16 110 110
0134_0048_0012_0106_0106.jpg 1 48 12 106 106
0135_0060_0013_0113_0113.jpg 1 60 13 113 113
0136_0100_0059_0110_0110.jpg 1 100 59 110 110
0137_0049_0029_0110_0110.jpg 1 49 29 110 110
0138_0052_0044_0095_0095.jpg 1 52 44 95 95
0139_0076_0015_0111_0111.jpg 1 76 15 111 111
0140_0124_0010_0073_0073.jpg 1 124 10 73 73
0141_0083_0017_0092_0092.jpg 1 83 17 92 92
0142_0078_0030_0113_0113.jpg 1 78 30 113 113
0143_0070_0042_0108_0108.jpg 1 70 42 108 108
0144_0073_0024_0097_0097.jpg 1 73 24 97 97
0145_0044_0053_0090_0090.jpg 1 44 53 90 90
0146_0021_0044_0095_0095.jpg 1 21 44 95 95
0147_0084_0045_0101_0101.jpg 1 84 45 101 101
0148_0076_0021_0094_0094.jpg 1 76 21 94 94
0149_0025_0013_0102_0102.jpg 1 25 13 102 102
0150_0042_0050_0082_0082.jpg 1 42 50 82 82
0151_0088_0064_0113_0113.jpg 1 88 64 113 113
0152_0051_0069_0074_0074.jpg 1 51 69 74 74
0153_0098_0035_0104_0104.jpg 1 98 35 104 104
0154_0021_0060_0103_0103.jpg 1 21 60 103 103
0155_0034_0046_0112_0112.jpg 1 34 46 112 112
0156_0033_0036_0087_0087.jpg 1 33 36 87 87
0157_0054_0022_0080_0080.jpg 1 54 22 80 80
0158_0124_0053_0091_0091.jpg 1 124 53 91 91
0159_0181_0007_0110_0110.jpg 1 181 7 110 110
0160_0077_0121_0089_0089.jpg 1 77 121 89 89
0161_0048_0017_0078_0078.jpg 1 48 17 78 78
0162_0020_0037_0077_0077.jpg 1 20 37 77 77
0163_0153_0033_0108_0108.jpg 1 153 33 108 108
0164_0075_0013_0076_0076.jpg 1 75 13 76 76
0165_0017_0057_0076_0076.jpg 1 17 57 76 76
0166_0151_0038_0106_0106.jpg 1 151 38 106 106
0167_0080_0027_0090_0090.jpg 1 80 27 90 90
0168_0081_0027_0072_0072.jpg 1 81 27 72 72
0169_0100_0071_0080_0080.jpg 1 100 71 80 80
0170_0021_0010_0103_0103.jpg 1 21 10 103 103
0171_0027_0020_0091_0091.jpg 1 27 20 91 91
0172_0064_0037_0113_0113.jpg 1 64 37 113 113
0173_0029_0033_0106_0106.jpg 1 29 33 106 106
0174_0109_0036_0113_0113.jpg 1 109 36 113 113
0175_0147_0009_0074_0074.jpg 1 147 9 74 74
0176_0024_0055_0101_0101.jpg 1 24 55 101 101
0177_0050_0043_0109_0109.jpg 1 50 43 109 109
0178_0086_0064_0109_0109.jpg 1 86 64 109 109
0179_0119_0024_0079_0079.jpg 1 119 24 79 79
0180_0162_0043_0095_0095.jpg 1 162 43 95 95
0181_0082_0059_0073_0073.jpg 1 82 59 73 73
0182_0095_0021_0083_0083.jpg 1 95 21 83 83
0183_0063_0061_0090_0090.jpg 1 63 61 90 90
0184_0043_0023_0074_0074.jpg 1 43 23 74 74
0185_0081_0042_0092_0092.jpg 1 81 42 92 92
0186_0058_0023_0103_0103.jpg 1 58 23 103 103
0187_0138_0026_0108_0108.jpg 1 138 26 108 108
0188_0088_0057_0110_0110.jpg 1 88 57 110 110
0189_0105_0054_0072_0072.jpg 1 105 54 72 72
0190_0111_0017_0079_0079.jpg 1 111 17 79 79
0191_0240_0000_0113_0113.jpg 1 240 0 113 113
0192_0034_0029_0077_0077.jpg 1 34 29 77 77
0193_0054_0022_0077_0077.jpg 1 54 22 77 77
0194_0026_0073_0107_0107.jpg 1 26 73 107 107
0195_0060_0042_0096_0096.jpg 1 60 42 96 96
0196_0104_0047_0112_0112.jpg 1 104 47 112 112
0197_0048_0059_0082_0082.jpg 1 48 59 82 82
0198_0135_0043_0078_0078.jpg 1 135 43 78 78
0199_0060_0074_0108_0108.jpg 1 60 74 108 108
0200_0038_0094_0080_0080.jpg 1 38 94 80 80
0201_0053_0015_0084_0084.jpg 1 53 15 84 84
0202_0102_0012_0087_0087.jpg 1 102 12 87 87
0203_0097_0070_0096_0096.jpg 1 97 70 96 96
0204_0053_0057_0088_0088.jpg 1 53 57 88 88
0205_0118_0059_0087_0087.jpg 1 118 59 87 87
0206_0033_0053_0101_0101.jpg 1 33 53 101 101
0207_0057_0017_0100_0100.jpg 1 57 17 100 100
0208_0162_0040_0077_0077.jpg 1 162 40 77 77
0209_0130_0043_0087_0087.jpg 1 130 43 87 87
0210_0083_0060_0091_0091.jpg 1 83 60 91 91
0211_0019_0064_0110_0110.jpg 1 19 64 110 110
0212_0073_0046_0083_0083.jpg 1 73 46 83 83
0213_0039_0013_0105_0105.jpg 1 39 13 105 105
0214_0037_0052_0084_0084.jpg 1 37 52 84 84
0215_0093_0065_0111_0111.jpg 1 93 65 111 111
0216_0099_0024_0106_0106.jpg 1 99 24 106 106
0217_0154_0073_0077_0077.jpg 1 154 73 77 77
0218_0031_0033_0090_0090.jpg 1 31 33 90 90
0219_0090_0100_0088_0088.jpg 1 90 100 88 88
0220_0101_0095_0076_0076.jpg 1 101 95 76 76
0221_0040_0084_0072_0072.jpg 1 40 84 72 72
0222_0011_0030_0097_0097.jpg 1 11 30 97 97
0223_0059_0045_0090_0090.jpg 1 59 45 90 90
0224_0109_0070_0086_0086.jpg 1 109 70 86 86
0225_0103_0011_0102_0102.jpg 1 103 11 102 102
0226_0058_0037_0090_0090.jpg 1 58 37 90 90
0227_0076_0040_0108_0108.jpg 1 76 40 108 108
0228_0094_0080_0076_0076.jpg 1 94 80 76 76
0229_0036_0065_0102_0102.jpg 1 36 65 102 102
0230_0112_0047_0077_0077.jpg 1 112 47 77 77
0231_0075_0058_0095_0095.jpg 1 75 58 95 95
0232_0082_0051_0076_0076.jpg 1 82 51 76 76
0233_0065_0028_0110_0110.jpg 1 65 28 110 110
0234_0041_0006_0101_0101.jpg 1 41 6 101 101
0235_0024_0037_0073_0073.jpg 1 24 37 73 73
0236_0083_0078_0092_0092.jpg 1 83 78 92 92
0237_0017_0131_0089_0089.jpg 1 17 131 89 89
0238_0143_0031_0105_0105.jpg 1 143 31 105 105
0239_0090_0024_0086_0086.jpg 1 90 24 86 86
0240_0101_0072_0079_0079.jpg 1 101 72 79 79
0241_0054_0023_0113_0113.jpg 1 54 23 113 113
0242_0124_0014_0106_0106.jpg 1 124 14 106 106
0243_0039_0024_0081_0081.jpg 1 39 24 81 81
0244_0115_0027_0089_0089.jpg 1 115 27 89 89
0245_0044_0053_0078_0078.jpg 1 44 53 78 78
0246_0158_0029_0097_0097.jpg 1 158 29 97 97
0247_0060_0060_0094_0094.jpg 1 60 60 94 94
0248_0082_0084_0073_0073.jpg 1 82 84 73 73
0249_0057_0051_0106_0106.jpg 1 57 51 106 106
0250_0030_0022_0114_0114.jpg 1 30 22 114 114
0251_0054_0065_0088_0088.jpg 1 54 65 88 88
0252_0087_0041_0111_0111.jpg 1 87 41 111 111
0253_0029_0012_0113_0113.jpg 1 29 12 113 113
0254_0045_0105_0075_0075.jpg 1 45 105 75 75
0255_0026_0043_0081_0081.jpg 1 26 43 81 81
0256_0076_0075_0089_0089.jpg 1 76 75 89 89
0257_0122_0029_0074_0074.jpg 1 122 29 74 74
0258_0032_0013_0111_0111.jpg 1 32 13 111 111
0259_0092_0024_0088_0088.jpg 1 92 24 88 88
0260_0086_0054_0108_0108.jpg 1 86 54 108 108
0261_0080_0028_0094_0094.jpg 1 80 28 94 94
0262_0041_0106_0081_0081.jpg 1 41 106 81 81
0263_0058_0088_0072_0072.jpg 1 58 88 72 72
0264_0100_0045_0101_0101.jpg 1 100 45 101 101
0265_0136_0016_0090_0090.jpg 1 136 16 90 90
0266_0087_0036_0113_0113.jpg 1 87 36 113 113
0267_0024_0018_0086_0086.jpg 1 24 18 86 86
0268_0158_0037_0082_0082.jpg 1 158 37 82 82
0269_0065_0041_0112_0112.jpg 1 65 41 112 112
0270_0041_0046_0080_0080.jpg 1 41 46 80 80
0271_0066_0012_0111_0111.jpg 1 66 12 111 111
0272_0146_0015_0073_0073.jpg 1 146 15 73 73
0273_0057_0108_0082_0082.jpg 1 57 108 82 82
0274_0160_0009_0089_0089.jpg 1 160 9 89 89
0275_0098_0055_0096_0096.jpg 1 98 55 96 96
0276_0031_0032_0097_0097.jpg 1 31 32 97 97
0277_0036_0060_0079_0079.jpg 1 36 60 79 79
0278_0099_0037_0088_0088.jpg 1 99 37 88 88
0279_0016_0078_0107_0107.jpg 1 16 78 107 107
0280_0032_0016_0103_0103.jpg 1 32 16 103 103
0281_0131_0033_0100_0100.jpg 1 131 33 100 100
0282_0108_0038_0099_0099.jpg 1 108 38 99 99
0283_0116_0053_0074_0074.jpg 1 116 53 74 74
0284_0045_0034_0097_0097.jpg 1 45 34 97 97
0285_0082_0013_0094_0094.jpg 1 82 13 94 94
0286_0066_0030_0102_0102.jpg 1 66 30 102 102
0287_0037_0033_0077_0077.jpg 1 37 33 77 77
0288_0085_0085_0078_0078.jpg 1 85 85 78 78
0289_0084_0060_0088_0088.jpg 1 84 60 88 88
0290_0053_0029_0089_0089.jpg 1 53 29 89 89
0291_0063_0024_0075_0075.jpg 1 63 24 75 75
0292_0137_0056_0096_0096.jpg 1 137 56 96 96
0293_0105_0056_0082_0082.jpg 1 105 56 82 82
0294_0073_0090_0079_0079.jpg 1 73 90 79 79
0295_0023_0048_0078_0078.jpg 1 23 48 78 78
0296_0093_0067_0072_0072.jpg 1 93 67 72 72
0297_0050_0037_0092_0092.jpg 1 50 37 92 92
0298_0138_0014_0113_0113.jpg 1 138 14 113 113
0299_0094_0020_0111_0111.jpg 1 94 20 111 111
0300_0128_0036_0081_0081.jpg 1 128 36 81 81
0301_0042_0033_0080_0080.jpg 1 42 33 80 80
0302_0079_0013_0092_0092.jpg 1 79 13 92 92
0303_0094_0085_0094_0094.jpg 1 94 85 94 94
0304_0086_0020_0109_0109.jpg 1 86 20 109 109
0305_0096_0039_0097_0097.jpg 1 96 39 97 97
0306_0123_0023_0090_0090.jpg 1 123 23 90 90
0307_0026_0023_0107_0107.jpg 1 26 23 107 107
0308_0080_0015_0085_0085.jpg 1 80 15 85 85
0309_0108_0071_0094_0094.jpg 1 108 71 94 94
0310_0068_0016_0113_0113.jpg 1 68 16 113 113
0311_0071_0050_0100_0100.jpg 1 71 50 100 100
0312_0060_0074_0093_0093.jpg 1 60 74 93 93
0313_0145_0010_0107_0107.jpg 1 145 10 107 107
0314_0061_0055_0081_0081.jpg 1 61 55 81 81
0315_0106_0066_0076_0076.jpg 1 106 66 76 76
0316_0172_0006_0107_0107.jpg 1 172 6 107 107
0317_0037_0007_0107_0107.jpg 1 37 7 107 107
0318_0135_0045_0084_0084.jpg 1 135 45 84 84
0319_0051_0030_0096_0096.jpg 1 51 30 96 96
0320_0070_0125_0100_0100.jpg 1 70 125 100 100
0321_0135_0018_0103_0103.jpg 1 135 18 103 103
0322_0086_0039_0074_0074.jpg 1 86 39 74 74
0323_0072_0093_0074_0074.jpg 1 72 93 74 74
0324_0097_0034_0092_0092.jpg 1 97 34 92 92
0325_0064_0059_0078_0078.jpg 1 64 59 78 78
0326_0064_0016_0103_0103.jpg 1 64 16 103 103
0327_0061_0077_0111_0111.jpg 1 61 77 111 111
0328_0033_0040_0096_0096.jpg 1 33 40 96 96
0329_0029_0047_0089_0089.jpg 1 29 47 89 89
0330_0099_0013_0113_0113.jpg 1 99 13 113 113
0331_0036_0090_0096_0096.jpg 1 36 90 96 96
0332_0034_0020_0104_0104.jpg 1 34 20 104 104
0333_0108_0053_0107_0107.jpg 1 108 53 107 107
0334_0037_0025_0092_0092.jpg 1 37 25 92 92
0335_0140_0030_0078_0078.jpg 1 140 30 78 78
0336_0058_0070_0078_0078.jpg 1 58 70 78 78
0337_0041_0012_0102_0102.jpg 1 41 12 102 102
0338_0037_0029_0112_0112.jpg 1 37 29 112 112
0339_0065_0068_0072_0072.jpg 1 65 68 72 72
0340_0103_0016_0102_0102.jpg 1 103 16 102 102
0341_0121_0024_0106_0106.jpg 1 121 24 106 106
0342_0046_0031_0088_0088.jpg 1 46 31 88 88
0343_0059_0047_0076_0076.jpg 1 59 47 76 76
0344_0054_0043_0103_0103.jpg 1 54 43 103 103
0345_0061_0072_0091_0091.jpg 1 61 72 91 91
0346_0112_0043_0097_0097.jpg 1 112 43 97 97
0347_0033_0034_0079_0079.jpg 1 33 34 79 79
0348_0079_0047_0107_0107.jpg 1 79 47 107 107
0349_0138_0017_0112_0112.jpg 1 138 17 112 112
0350_0099_0064_0101_0101.jpg 1 99 64 101 101
0351_0178_0029_0085_0085.jpg 1 178 29 85 85
0352_0368_0084_0079_0079.jpg 1 368 84 79 79
0353_0062_0022_0096_0096.jpg 1 62 22 96 96
0354_0072_0019_0112_0112.jpg 1 72 19 112 112
0355_0041_0048_0113_0113.jpg 1 41 48 113 113
0356_0020_0016_0105_0105.jpg 1 20 16 105 105
0357_0032_0051_0097_0097.jpg 1 32 51 97 97
0358_0123_0039_0097_0097.jpg 1 123 39 97 97
0359_0026_0053_0079_0079.jpg 1 26 53 79 79
0360_0048_0037_0101_0101.jpg 1 48 37 101 101
0361_0060_0008_0089_0089.jpg 1 60 8 89 89
0362_0046_0087_0072_0072.jpg 1 46 87 72 72
0363_0109_0029_0086_0086.jpg 1 109 29 86 86
0364_0063_0034_0089_0089.jpg 1 63 34 89 89
0365_0055_0075_0075_0075.jpg 1 55 75 75 75
0366_0108_0052_0111_0111.jpg 1 108 52 111 111
0367_0049_0028_0087_0087.jpg 1 49 28 87 87
0368_0115_0069_0099_0099.jpg 1 115 69 99 99
0369_0109_0046_0089_0089.jpg 1 109 46 89 89
0370_0067_0088_0083_0083.jpg 1 67 88 83 83
0371_0069_0018_0096_0096.jpg 1 69 18 96 96
0372_0021_0048_0077_0077.jpg 1 21 48 77 77
0373_0112_0013_0091_0091.jpg 1 112 13 91 91
0374_0085_0031_0107_0107.jpg 1 85 31 107 107
0375_0087_0076_0080_0080.jpg 1 87 76 80 80
0376_0121_0055_0108_0108.jpg 1 121 55 108 108
0377_0025_0058_0086_0086.jpg 1 25 58 86 86
0378_0026_0025_0093_0093.jpg 1 26 25 93 93
0379_0154_0013_0074_0074.jpg 1 154 13 74 74
0380_0050_0049_0097_0097.jpg 1 50 49 97 97
0381_0041_0064_0089_0089.jpg 1 41 64 89 89
0382_0049_0056_0072_0072.jpg 1 49 56 72 72
0383_0024_0086_0083_0083.jpg 1 24 86 83 83
0384_0106_0021_0100_0100.jpg 1 106 21 100 100
0385_0074_0020_0094_0094.jpg 1 74 20 94 94
0386_0028_0073_0102_0102.jpg 1 28 73 102 102
0387_0112_0014_0084_0084.jpg 1 112 14 84 84
0388_0042_0029_0113_0113.jpg 1 42 29 113 113
0389_0037_0073_0073_0073.jpg 1 37 73 73 73
0390_0080_0059_0083_0083.jpg 1 80 59 83 83
0391_0142_0023_0082_0082.jpg 1 142 23 82 82
0392_0085_0057_0091_0091.jpg 1 85 57 91 91
0393_0029_0044_0096_0096.jpg 1 29 44 96 96
0394_0095_0009_0110_0110.jpg 1 95 9 110 110
0395_0217_0018_0074_0074.jpg 1 217 18 74 74
0396_0055_0069_0090_0090.jpg 1 55 69 90 90
0397_0150_0058_0085_0085.jpg 1 150 58 85 85
0398_0059_0031_0109_0109.jpg 1 59 31 109 109
0399_0325_0240_0099_0099.jpg 1 325 240 99 99
0400_0065_0017_0109_0109.jpg 1 65 17 109 109
0401_0031_0053_0097_0097.jpg 1 31 53 97 97
0402_0064_0061_0098_0098.jpg 1 64 61 98 98
0403_0116_0028_0108_0108.jpg 1 116 28 108 108
0404_0142_0048_0102_0102.jpg 1 142 48 102 102
0405_0067_0031_0097_0097.jpg 1 67 31 97 97
0406_0068_0103_0078_0078.jpg 1 68 103 78 78
0407_0027_0031_0076_0076.jpg 1 27 31 76 76
0408_0081_0086_0080_0080.jpg 1 81 86 80 80
0409_0013_0049_0090_0090.jpg 1 13 49 90 90
0410_0097_0100_0098_0098.jpg 1 97 100 98 98
0411_0090_0016_0072_0072.jpg 1 90 16 72 72
0412_0036_0014_0078_0078.jpg 1 36 14 78 78
0413_0142_0066_0088_0088.jpg 1 142 66 88 88
0414_0069_0019_0089_0089.jpg 1 69 19 89 89
0415_0025_0056_0094_0094.jpg 1 25 56 94 94
0416_0042_0037_0075_0075.jpg 1 42 37 75 75
0417_0025_0139_0089_0089.jpg 1 25 139 89 89
0418_0032_0129_0087_0087.jpg 1 32 129 87 87
0419_0089_0026_0101_0101.jpg 1 89 26 101 101
0420_0140_0024_0087_0087.jpg 1 140 24 87 87
0421_0136_0023_0097_0097.jpg 1 136 23 97 97
0422_0104_0017_0072_0072.jpg 1 104 17 72 72
0423_0165_0041_0074_0074.jpg 1 165 41 74 74
0424_0047_0086_0080_0080.jpg 1 47 86 80 80
0425_0065_0049_0077_0077.jpg 1 65 49 77 77
0426_0046_0086_0104_0104.jpg 1 46 86 104 104
0427_0069_0031_0091_0091.jpg 1 69 31 91 91
0428_0063_0021_0113_0113.jpg 1 63 21 113 113
0429_0090_0061_0109_0109.jpg 1 90 61 109 109
0430_0044_0087_0084_0084.jpg 1 44 87 84 84
0431_0042_0033_0101_0101.jpg 1 42 33 101 101
0432_0030_0058_0092_0092.jpg 1 30 58 92 92
0433_0151_0030_0089_0089.jpg 1 151 30 89 89
0434_0038_0027_0095_0095.jpg 1 38 27 95 95
0435_0052_0056_0073_0073.jpg 1 52 56 73 73
0436_0038_0020_0098_0098.jpg 1 38 20 98 98
0437_0113_0015_0109_0109.jpg 1 113 15 109 109
0438_0073_0074_0077_0077.jpg 1 73 74 77 77
0439_0033_0018_0103_0103.jpg 1 33 18 103 103
0440_0019_0023_0091_0091.jpg 1 19 23 91 91
0441_0031_0040_0113_0113.jpg 1 31 40 113 113
0442_0107_0044_0113_0113.jpg 1 107 44 113 113
0443_0025_0060_0089_0089.jpg 1 25 60 89 89
0444_0113_0049_0092_0092.jpg 1 113 49 92 92
0445_0021_0080_0111_0111.jpg 1 21 80 111 111
0446_0032_0110_0083_0083.jpg 1 32 110 83 83
0447_0025_0072_0098_0098.jpg 1 25 72 98 98
0448_0069_0035_0077_0077.jpg 1 69 35 77 77
0449_0124_0075_0096_0096.jpg 1 124 75 96 96
0450_0095_0042_0078_0078.jpg 1 95 42 78 78
0451_0052_0067_0095_0095.jpg 1 52 67 95 95
0452_0067_0051_0083_0083.jpg 1 67 51 83 83
0453_0084_0028_0084_0084.jpg 1 84 28 84 84
0454_0042_0022_0083_0083.jpg 1 42 22 83 83
0455_0119_0026_0101_0101.jpg 1 119 26 101 101
0456_0087_0057_0099_0099.jpg 1 87 57 99 99
0457_0165_0020_0080_0080.jpg 1 165 20 80 80
0458_0110_0045_0113_0113.jpg 1 110 45 113 113
0459_0083_0066_0096_0096.jpg 1 83 66 96 96
0460_0092_0050_0075_0075.jpg 1 92 50 75 75
0461_0010_0053_0108_0108.jpg 1 10 53 108 108
0462_0037_0018_0079_0079.jpg 1 37 18 79 79
0463_0097_0035_0090_0090.jpg 1 97 35 90 90
0464_0176_0054_0079_0079.jpg 1 176 54 79 79
0465_0116_0041_0090_0090.jpg 1 116 41 90 90
0466_0140_0066_0074_0074.jpg 1 140 66 74 74
0467_0087_0030_0108_0108.jpg 1 87 30 108 108
0468_0058_0026_0101_0101.jpg 1 58 26 101 101
0469_0029_0051_0113_0113.jpg 1 29 51 113 113
0470_0059_0123_0085_0085.jpg 1 59 123 85 85
0471_0143_0013_0079_0079.jpg 1 143 13 79 79
0472_0037_0025_0092_0092.jpg 1 37 25 92 92
0473_0133_0031_0087_0087.jpg 1 133 31 87 87
0474_0059_0041_0106_0106.jpg 1 59 41 106 106
0475_0084_0045_0101_0101.jpg 1 84 45 101 101
0476_0197_0033_0078_0078.jpg 1 197 33 78 78
0477_0062_0017_0077_0077.jpg 1 62 17 77 77
0478_0023_0055_0082_0082.jpg 1 23 55 82 82
0479_0063_0028_0112_0112.jpg 1 63 28 112 112
0480_0129_0084_0088_0088.jpg 1 129 84 88 88
0481_0051_0014_0087_0087.jpg 1 51 14 87 87
0482_0034_0059_0100_0100.jpg 1 34 59 100 100
0483_0028_0010_0112_0112.jpg 1 28 10 112 112
0484_0036_0083_0090_0090.jpg 1 36 83 90 90
0485_0024_0040_0079_0079.jpg 1 24 40 79 79
0486_0062_0013_0100_0100.jpg 1 62 13 100 100
0487_0055_0065_0079_0079.jpg 1 55 65 79 79
0488_0041_0041_0087_0087.jpg 1 41 41 87 87
0489_0087_0056_0086_0086.jpg 1 87 56 86 86
0490_0046_0027_0076_0076.jpg 1 46 27 76 76
0491_0076_0042_0083_0083.jpg 1 76 42 83 83
0492_0016_0033_0094_0094.jpg 1 16 33 94 94
0493_0029_0052_0096_0096.jpg 1 29 52 96 96
0494_0118_0039_0075_0075.jpg 1 118 39 75 75
0495_0057_0013_0086_0086.jpg 1 57 13 86 86
0496_0098_0042_0112_0112.jpg 1 98 42 112 112
0497_0063_0096_0098_0098.jpg 1 63 96 98 98
0498_0104_0040_0073_0073.jpg 1 104 40 73 73
0499_0029_0034_0079_0079.jpg 1 29 34 79 79
0500_0075_0042_0089_0089.jpg 1 75 42 89 89
0501_0022_0027_0077_0077.jpg 1 22 27 77 77
0502_0068_0020_0091_0091.jpg 1 68 20 91 91
0503_0088_0078_0075_0075.jpg 1 88 78 75 75
0504_0038_0120_0085_0085.jpg 1 38 120 85 85
0505_0026_0086_0105_0105.jpg 1 26 86 105 105
0506_0022_0013_0087_0087.jpg 1 22 13 87 87
0507_0088_0032_0078_0078.jpg 1 88 32 78 78
0508_0068_0014_0113_0113.jpg 1 68 14 113 113
0509_0037_0060_0084_0084.jpg 1 37 60 84 84
0510_0065_0073_0102_0102.jpg 1 65 73 102 102
0511_0046_0015_0112_0112.jpg 1 46 15 112 112
0512_0068_0012_0081_0081.jpg 1 68 12 81 81
0513_0053_0073_0087_0087.jpg 1 53 73 87 87
0514_0119_0012_0097_0097.jpg 1 119 12 97 97
0515_0030_0053_0091_0091.jpg 1 30 53 91 91
0516_0191_0021_0095_0095.jpg 1 191 21 95 95
0517_0069_0017_0084_0084.jpg 1 69 17 84 84
0518_0082_0103_0094_0094.jpg 1 82 103 94 94
0519_0090_0015_0084_0084.jpg 1 90 15 84 84
0520_0030_0036_0077_0077.jpg 1 30 36 77 77
0521_0080_0024_0103_0103.jpg 1 80 24 103 103
0522_0123_0071_0092_0092.jpg 1 123 71 92 92
0523_0096_0021_0089_0089.jpg 1 96 21 89 89
0524_0114_0025_0082_0082.jpg 1 114 25 82 82
0525_0094_0098_0084_0084.jpg 1 94 98 84 84
0526_0041_0110_0082_0082.jpg 1 41 110 82 82
0527_0152_0074_0079_0079.jpg 1 152 74 79 79
0528_0096_0042_0109_0109.jpg 1 96 42 109 109
0529_0054_0072_0090_0090.jpg 1 54 72 90 90
0530_0089_0057_0106_0106.jpg 1 89 57 106 106
0531_0023_0037_0092_0092.jpg 1 23 37 92 92
0532_0119_0012_0107_0107.jpg 1 119 12 107 107
0533_0118_0019_0101_0101.jpg 1 118 19 101 101
0534_0033_0019_0097_0097.jpg 1 33 19 97 97
0535_0105_0059_0082_0082.jpg 1 105 59 82 82
0536_0184_0017_0077_0077.jpg 1 184 17 77 77
0537_0140_0035_0092_0092.jpg 1 140 35 92 92
0538_0084_0057_0102_0102.jpg 1 84 57 102 102
0539_0080_0062_0096_0096.jpg 1 80 62 96 96
0540_0108_0046_0087_0087.jpg 1 108 46 87 87
0541_0167_0058_0082_0082.jpg 1 167 58 82 82
0542_0031_0021_0091_0091.jpg 1 31 21 91 91
0543_0062_0019_0104_0104.jpg 1 62 19 104 104
0544_0092_0049_0108_0108.jpg 1 92 49 108 108
0545_0132_0026_0083_0083.jpg 1 132 26 83 83
0546_0088_0032_0090_0090.jpg 1 88 32 90 90
0547_0060_0094_0088_0088.jpg 1 60 94 88 88
0548_0085_0010_0113_0113.jpg 1 85 10 113 113
0549_0136_0072_0076_0076.jpg 1 136 72 76 76
0550_0105_0009_0087_0087.jpg 1 105 9 87 87
0551_0097_0011_0102_0102.jpg 1 97 11 102 102
0552_0066_0047_0086_0086.jpg 1 66 47 86 86
0553_0018_0013_0104_0104.jpg 1 18 13 104 104
0554_0045_0103_0101_0101.jpg 1 45 103 101 101
0555_0088_0019_0091_0091.jpg 1 88 19 91 91
0556_0062_0068_0077_0077.jpg 1 62 68 77 77
0557_0089_0048_0111_0111.jpg 1 89 48 111 111
0558_0089_0062_0109_0109.jpg 1 89 62 109 109
0559_0034_0054_0099_0099.jpg 1 34 54 99 99
0560_0101_0021_0089_0089.jpg 1 101 21 89 89
0561_0028_0016_0111_0111.jpg 1 28 16 111 111
0562_0055_0030_0098_0098.jpg 1 55 30 98 98
0563_0168_0043_0077_0077.jpg 1 168 43 77 77
0564_0021_0072_0108_0108.jpg 1 21 72 108 108
0565_0043_0028_0073_0073.jpg 1 43 28 73 73
0566_0138_0016_0103_0103.jpg 1 138 16 103 103
0567_0128_0049_0085_0085.jpg 1 128 49 85 85
0568_0018_0022_0086_0086.jpg 1 18 22 86 86
0569_0129_0044_0109_0109.jpg 1 129 44 109 109
0570_0064_0068_0105_0105.jpg 1 64 68 105 105
0571_0076_0046_0100_0100.jpg 1 76 46 100 100
0572_0083_0059_0098_0098.jpg 1 83 59 98 98
0573_0053_0043_0107_0107.jpg 1 53 43 107 107
0574_0043_0039_0113_0113.jpg 1 43 39 113 113
0575_0032_0072_0086_0086.jpg 1 32 72 86 86
0576_0111_0036_0096_0096.jpg 1 111 36 96 96
0577_0056_0033_0093_0093.jpg 1 56 33 93 93
0578_0056_0012_0110_0110.jpg 1 56 12 110 110
0579_0115_0050_0087_0087.jpg 1 115 50 87 87
0580_0040_0096_0104_0104.jpg 1 40 96 104 104
0581_0094_0092_0072_0072.jpg 1 94 92 72 72
0582_0066_0052_0113_0113.jpg 1 66 52 113 113
0583_0139_0028_0074_0074.jpg 1 139 28 74 74
0584_0105_0028_0088_0088.jpg 1 105 28 88 88
0585_0068_0026_0099_0099.jpg 1 68 26 99 99
0586_0129_0034_0072_0072.jpg 1 129 34 72 72
0587_0059_0063_0090_0090.jpg 1 59 63 90 90
0588_0037_0063_0100_0100.jpg 1 37 63 100 100
0589_0107_0027_0073_0073.jpg 1 107 27 73 73
0590_0029_0034_0104_0104.jpg 1 29 34 104 104
0591_0203_0045_0076_0076.jpg 1 203 45 76 76
0592_0148_0054_0081_0081.jpg 1 148 54 81 81
0593_0118_0066_0098_0098.jpg 1 118 66 98 98
0594_0031_0097_0107_0107.jpg 1 31 97 107 107
0595_0093_0025_0108_0108.jpg 1 93 25 108 108
0596_0078_0035_0079_0079.jpg 1 78 35 79 79
0597_0031_0048_0084_0084.jpg 1 31 48 84 84
0598_0181_0030_0089_0089.jpg 1 181 30 89 89
0599_0093_0029_0109_0109.jpg 1 93 29 109 109
0600_0037_0019_0109_0109.jpg 1 37 19 109 109
0601_0028_0035_0099_0099.jpg 1 28 35 99 99
0602_0153_0058_0088_0088.jpg 1 153 58 88 88
0603_0070_0029_0094_0094.jpg 1 70 29 94 94
0604_0120_0046_0107_0107.jpg 1 120 46 107 107
0605_0065_0032_0078_0078.jpg 1 65 32 78 78
0606_0099_0044_0098_0098.jpg 1 99 44 98 98
0607_0060_0061_0093_0093.jpg 1 60 61 93 93
0608_0183_0033_0079_0079.jpg 1 183 33 79 79
0609_0071_0016_0084_0084.jpg 1 71 16 84 84
0610_0066_0065_0110_0110.jpg 1 66 65 110 110
0611_0037_0038_0098_0098.jpg 1 37 38 98 98
0612_0137_0029_0108_0108.jpg 1 137 29 108 108
0613_0027_0076_0072_0072.jpg 1 27 76 72 72
0614_0086_0040_0101_0101.jpg 1 86 40 101 101
0615_0022_0071_0108_0108.jpg 1 22 71 108 108
0616_0073_0083_0076_0076.jpg 1 73 83 76 76
0617_0137_0026_0094_0094.jpg 1 137 26 94 94
0618_0046_0068_0082_0082.jpg 1 46 68 82 82
0619_0043_0017_0077_0077.jpg 1 43 17 77 77
0620_0048_0088_0100_0100.jpg 1 48 88 100 100
0621_0061_0038_0110_0110.jpg 1 61 38 110 110
0622_0120_0061_0086_0086.jpg 1 120 61 86 86
0623_0037_0080_0077_0077.jpg 1 37 80 77 77
0624_0133_0038_0106_0106.jpg 1 133 38 106 106
0625_0051_0047_0102_0102.jpg 1 51 47 102 102
0626_0034_0045_0099_0099.jpg 1 34 45 99 99
0627_0090_0077_0111_0111.jpg 1 90 77 111 111
0628_0033_0020_0099_0099.jpg 1 33 20 99 99
0629_0139_0032_0087_0087.jpg 1 139 32 87 87
0630_0102_0020_0083_0083.jpg 1 102 20 83 83
0631_0012_0086_0086_0086.jpg 1 12 86 86 86
0632_0066_0024_0110_0110.jpg 1 66 24 110 110
0633_0085_0070_0074_0074.jpg 1 85 70 74 74
0634_0046_0075_0094_0094.jpg 1 46 75 94 94
0635_0053_0045_0106_0106.jpg 1 53 45 106 106
0636_0075_0060_0083_0083.jpg 1 75 60 83 83
0637_0035_0147_0094_0094.jpg 1 35 147 94 94
0638_0107_0017_0095_0095.jpg 1 107 17 95 95
0639_0095_0033_0093_0093.jpg 1 95 33 93 93
0640_0132_0024_0085_0085.jpg 1 132 24 85 85
0641_0021_0091_0076_0076.jpg 1 21 91 76 76
0642_0037_0030_0087_0087.jpg 1 37 30 87 87
0643_0074_0065_0095_0095.jpg 1 74 65 95 95
0644_0044_0018_0113_0113.jpg 1 44 18 113 113
0645_0017_0059_0098_0098.jpg 1 17 59 98 98
0646_0026_0028_0109_0109.jpg 1 26 28 109 109
0647_0175_0001_0111_0111.jpg 1 175 1 111 111
0648_0125_0006_0110_0110.jpg 1 125 6 110 110
0649_0181_0051_0086_0086.jpg 1 181 51 86 86
0650_0083_0035_0101_0101.jpg 1 83 35 101 101
0651_0064_0095_0098_0098.jpg 1 64 95 98 98
0652_0102_0029_0093_0093.jpg 1 102 29 93 93
0653_0063_0067_0079_0079.jpg 1 63 67 79 79
0654_0097_0049_0074_0074.jpg 1 97 49 74 74
0655_0019_0077_0092_0092.jpg 1 19 77 92 92
0656_0035_0096_0108_0108.jpg 1 35 96 108 108
0657_0021_0064_0090_0090.jpg 1 21 64 90 90
0658_0087_0028_0103_0103.jpg 1 87 28 103 103
0659_0049_0016_0104_0104.jpg 1 49 16 104 104
0660_0051_0046_0074_0074.jpg 1 51 46 74 74
0661_0063_0061_0073_0073.jpg 1 63 61 73 73
0662_0121_0057_0092_0092.jpg 1 121 57 92 92
0663_0080_0030_0107_0107.jpg 1 80 30 107 107
0664_0038_0043_0111_0111.jpg 1 38 43 111 111
0665_0022_0039_0074_0074.jpg 1 22 39 74 74
0666_0091_0027_0095_0095.jpg 1 91 27 95 95
0667_0041_0045_0087_0087.jpg 1 41 45 87 87
0668_0147_0037_0081_0081.jpg 1 147 37 81 81
0669_0084_0031_0097_0097.jpg 1 84 31 97 97
0670_0091_0061_0092_0092.jpg 1 91 61 92 92
0671_0106_0033_0076_0076.jpg 1 106 33 76 76
0672_0108_0027_0101_0101.jpg 1 108 27 101 101
0673_0056_0058_0077_0077.jpg 1 56 58 77 77
0674_0044_0032_0079_0079.jpg 1 44 32 79 79
0675_0120_0059_0099_0099.jpg 1 120 59 99 99
0676_0026_0104_0084_0084.jpg 1 26 104 84 84
0677_0013_0034_0099_0099.jpg 1 13 34 99 99
0678_0121_0088_0076_0076.jpg 1 121 88 76 76
0679_0112_0024_0096_0096.jpg 1 112 24 96 96
0680_0079_0105_0079_0079.jpg 1 79 105 79 79
0681_0117_0040_0076_0076.jpg 1 117 40 76 76
0682_0147_0029_0094_0094.jpg 1 147 29 94 94
0683_0062_0091_0095_0095.jpg 1 62 91 95 95
0684_0080_0028_0100_0100.jpg 1 80 28 100 100
0685_0129_0040_0096_0096.jpg 1 129 40 96 96
0686_0138_0065_0079_0079.jpg 1 138 65 79 79
0687_0144_0043_0100_0100.jpg 1 144 43 100 100
0688_0067_0042_0084_0084.jpg 1 67 42 84 84
0689_0165_0032_0076_0076.jpg 1 165 32 76 76
0690_0113_0019_0097_0097.jpg 1 113 19 97 97
0691_0113_0055_0102_0102.jpg 1 113 55 102 102
0692_0023_0010_0100_0100.jpg 1 23 10 100 100
0693_0124_0008_0104_0104.jpg 1 124 8 104 104
0694_0030_0066_0079_0079.jpg 1 30 66 79 79
0695_0042_0052_0091_0091.jpg 1 42 52 91 91
0696_0057_0041_0084_0084.jpg 1 57 41 84 84
0697_0040_0060_0098_0098.jpg 1 40 60 98 98
0698_0031_0059_0073_0073.jpg 1 31 59 73 73
0699_0109_0060_0091_0091.jpg 1 109 60 91 91
0700_0099_0073_0072_0072.jpg 1 99 73 72 72
0701_0097_0060_0099_0099.jpg 1 97 60 99 99
0702_0109_0024_0090_0090.jpg 1 109 24 90 90
0703_0021_0017_0092_0092.jpg 1 21 17 92 92
0704_0027_0088_0099_0099.jpg 1 27 88 99 99
0705_0048_0050_0089_0089.jpg 1 48 50 89 89
0706_0068_0028_0095_0095.jpg 1 68 28 95 95
0707_0071_0049_0105_0105.jpg 1 71 49 105 105
0708_0031_0065_0102_0102.jpg 1 31 65 102 102
0709_0084_0056_0078_0078.jpg 1 84 56 78 78
0710_0110_0071_0093_0093.jpg 1 110 71 93 93
0711_0215_0029_0093_0093.jpg 1 215 29 93 93
0712_0156_0035_0110_0110.jpg 1 156 35 110 110
0713_0174_0019_0091_0091.jpg 1 174 19 91 91
0714_0025_0028_0101_0101.jpg 1 25 28 101 101
0715_0054_0013_0079_0079.jpg 1 54 13 79 79
0716_0091_0052_0082_0082.jpg 1 91 52 82 82
0717_0063_0074_0079_0079.jpg 1 63 74 79 79
0718_0122_0054_0080_0080.jpg 1 122 54 80 80
0719_0169_0021_0083_0083.jpg 1 169 21 83 83
0720_0085_0020_0086_0086.jpg 1 85 20 86 86
0721_0097_0019_0112_0112.jpg 1 97 19 112 112
0722_0084_0044_0077_0077.jpg 1 84 44 77 77
0723_0052_0134_0072_0072.jpg 1 52 134 72 72
0724_0106_0054_0091_0091.jpg 1 106 54 91 91
0725_0039_0070_0086_0086.jpg 1 39 70 86 86
0726_0086_0032_0101_0101.jpg 1 86 32 101 101
0727_0025_0064_0080_0080.jpg 1 25 64 80 80
0728_0083_0015_0087_0087.jpg 1 83 15 87 87
0729_0063_0032_0090_0090.jpg 1 63 32 90 90
0730_0054_0009_0089_0089.jpg 1 54 9 89 89
0731_0067_0094_0076_0076.jpg 1 67 94 76 76
0732_0107_0058_0076_0076.jpg 1 107 58 76 76
0733_0113_0032_0102_0102.jpg 1 113 32 102 102
0734_0129_0063_0084_0084.jpg 1 129 63 84 84
0735_0077_0065_0104_0104.jpg 1 77 65 104 104
0736_0080_0012_0098_0098.jpg 1 80 12 98 98
0737_0118_0023_0104_0104.jpg 1 118 23 104 104
0738_0095_0012_0087_0087.jpg 1 95 12 87 87
0739_0040_0066_0110_0110.jpg 1 40 66 110 110
0740_0081_0090_0111_0111.jpg 1 81 90 111 111
0741_0136_0012_0095_0095.jpg 1 136 12 95 95
0742_0166_0057_0082_0082.jpg 1 166 57 82 82
0743_0153_0018_0099_0099.jpg 1 153 18 99 99
0744_0040_0011_0104_0104.jpg 1 40 11 104 104
0745_0028_0039_0077_0077.jpg 1 28 39 77 77
0746_0097_0042_0093_0093.jpg 1 97 42 93 93
0747_0070_0010_0113_0113.jpg 1 70 10 113 113
0748_0100_0021_0107_0107.jpg 1 100 21 107 107
0749_0090_0013_0095_0095.jpg 1 90 13 95 95
0750_0156_0022_0092_0092.jpg 1 156 22 92 92
0751_0019_0046_0103_0103.jpg 1 19 46 103 103
0752_0091_0074_0099_0099.jpg 1 91 74 99 99
0753_0021_0014_0094_0094.jpg 1 21 14 94 94
0754_0056_0021_0113_0113.jpg 1 56 21 113 113
0755_0058_0093_0098_0098.jpg 1 58 93 98 98
0756_0077_0031_0094_0094.jpg 1 77 31 94 94
0757_0061_0026_0110_0110.jpg 1 61 26 110 110
0758_0110_0010_0099_0099.jpg 1 110 10 99 99
0759_0096_0039_0099_0099.jpg 1 96 39 99 99
0760_0112_0074_0078_0078.jpg 1 112 74 78 78
0761_0021_0031_0090_0090.jpg 1 21 31 90 90
0762_0015_0023_0087_0087.jpg 1 15 23 87 87
0763_0030_0016_0100_0100.jpg 1 30 16 100 100
0764_0109_0066_0075_0075.jpg 1 109 66 75 75
0765_0016_0069_0109_0109.jpg 1 16 69 109 109
0766_0092_0027_0078_0078.jpg 1 92 27 78 78
0767_0147_0024_0105_0105.jpg 1 147 24 105 105
0768_0033_0020_0093_0093.jpg 1 33 20 93 93
0769_0104_0012_0110_0110.jpg 1 104 12 110 110
0770_0056_0101_0080_0080.jpg 1 56 101 80 80
0771_0051_0041_0101_0101.jpg 1 51 41 101 101
0772_0103_0087_0074_0074.jpg 1 103 87 74 74
0773_0053_0016_0103_0103.jpg 1 53 16 103 103
0774_0024_0122_0083_0083.jpg 1 24 122 83 83
0775_0150_0035_0099_0099.jpg 1 150 35 99 99
0776_0109_0015_0090_0090.jpg 1 109 15 90 90
0777_0039_0093_0105_0105.jpg 1 39 93 105 105
0778_0085_0012_0075_0075.jpg 1 85 12 75 75
0779_0090_0102_0090_0090.jpg 1 90 102 90 90
0780_0058_0024_0102_0102.jpg 1 58 24 102 102
0781_0086_0053_0072_0072.jpg 1 86 53 72 72
0782_0101_0034_0074_0074.jpg 1 101 34 74 74
0783_0073_0015_0111_0111.jpg 1 73 15 111 111
0784_0109_0027_0084_0084.jpg 1 109 27 84 84
0785_0128_0013_0079_0079.jpg 1 128 13 79 79
0786_0148_0076_0084_0084.jpg 1 148 76 84 84
0787_0060_0059_0106_0106.jpg 1 60 59 106 106
0788_0042_0100_0104_0104.jpg 1 42 100 104 104
0789_0039_0049_0096_0096.jpg 1 39 49 96 96
0790_0023_0016_0082_0082.jpg 1 23 16 82 82
0791_0053_0060_0073_0073.jpg 1 53 60 73 73
0792_0063_0074_0074_0074.jpg 1 63 74 74 74
0793_0120_0057_0077_0077.jpg 1 120 57 77 77
0794_0077_0072_0113_0113.jpg 1 77 72 113 113
0795_0123_0033_0104_0104.jpg 1 123 33 104 104
0796_0031_0060_0089_0089.jpg 1 31 60 89 89
0797_0103_0094_0072_0072.jpg 1 103 94 72 72
0798_0082_0029_0075_0075.jpg 1 82 29 75 75
0799_0031_0043_0096_0096.jpg 1 31 43 96 96
0800_0105_0067_0079_0079.jpg 1 105 67 79 79
0801_0060_0094_0103_0103.jpg 1 60 94 103 103
0802_0063_0060_0081_0081.jpg 1 63 60 81 81
0803_0060_0020_0076_0076.jpg 1 60 20 76 76
0804_0042_0014_0083_0083.jpg 1 42 14 83 83
0805_0055_0013_0109_0109.jpg 1 55 13 109 109
0806_0092_0033_0080_0080.jpg 1 92 33 80 80
0807_0037_0031_0097_0097.jpg 1 37 31 97 97
0808_0090_0024_0074_0074.jpg 1 90 24 74 74
0809_0128_0014_0107_0107.jpg 1 128 14 107 107
0810_0025_0086_0108_0108.jpg 1 25 86 108 108
0811_0055_0031_0105_0105.jpg 1 55 31 105 105
0812_0061_0073_0099_0099.jpg 1 61 73 99 99
0813_0127_0055_0090_0090.jpg 1 127 55 90 90
0814_0070_0020_0091_0091.jpg 1 70 20 91 91
0815_0036_0011_0086_0086.jpg 1 36 11 86 86
0816_0016_0025_0108_0108.jpg 1 16 25 108 108
0817_0115_0028_0079_0079.jpg 1 115 28 79 79
0818_0057_0084_0092_0092.jpg 1 57 84 92 92
0819_0031_0111_0113_0113.jpg 1 31 111 113 113
0820_0114_0030_0073_0073.jpg 1 114 30 73 73
0821_0077_0047_0111_0111.jpg 1 77 47 111 111
0822_0123_0003_0102_0102.jpg 1 123 3 102 102
0823_0153_0004_0113_0113.jpg 1 153 4 113 113
0824_0047_0013_0103_0103.jpg 1 47 13 103 103
0825_0053_0011_0094_0094.jpg 1 53 11 94 94
0826_0102_0066_0094_0094.jpg 1 102 66 94 94
0827_0174_0058_0079_0079.jpg 1 174 58 79 79
0828_0129_0021_0082_0082.jpg 1 129 21 82 82
0829_0013_0056_0098_0098.jpg 1 13 56 98 98
0830_0123_0020_0080_0080.jpg 1 123 20 80 80
0831_0055_0041_0081_0081.jpg 1 55 41 81 81
0832_0046_0035_0087_0087.jpg 1 46 35 87 87
0833_0035_0066_0077_0077.jpg 1 35 66 77 77
0834_0135_0026_0105_0105.jpg 1 135 26 105 105
0835_0122_0059_0099_0099.jpg 1 122 59 99 99
0836_0041_0072_0088_0088.jpg 1 41 72 88 88
0837_0108_0047_0103_0103.jpg 1 108 47 103 103
0838_0043_0030_0096_0096.jpg 1 43 30 96 96
0839_0116_0051_0097_0097.jpg 1 116 51 97 97
0840_0091_0066_0098_0098.jpg 1 91 66 98 98
0841_0040_0023_0078_0078.jpg 1 40 23 78 78
0842_0117_0028_0082_0082.jpg 1 117 28 82 82
0843_0054_0017_0086_0086.jpg 1 54 17 86 86
0844_0031_0046_0095_0095.jpg 1 31 46 95 95
0845_0091_0025_0088_0088.jpg 1 91 25 88 88
0846_0029_0010_0110_0110.jpg 1 29 10 110 110
0847_0052_0088_0081_0081.jpg 1 52 88 81 81
0848_0086_0067_0104_0104.jpg 1 86 67 104 104
0849_0065_0031_0092_0092.jpg 1 65 31 92 92
0850_0195_0006_0104_0104.jpg 1 195 6 104 104
0851_0119_0020_0093_0093.jpg 1 119 20 93 93
0852_0045_0048_0108_0108.jpg 1 45 48 108 108
0853_0111_0014_0112_0112.jpg 1 111 14 112 112
0854_0023_0010_0078_0078.jpg 1 23 10 78 78
0855_0168_0005_0102_0102.jpg 1 168 5 102 102
0856_0082_0017_0107_0107.jpg 1 82 17 107 107
0857_0064_0040_0088_0088.jpg 1 64 40 88 88
0858_0135_0010_0079_0079.jpg 1 135 10 79 79
0859_0135_0031_0112_0112.jpg 1 135 31 112 112
0860_0060_0013_0089_0089.jpg 1 60 13 89 89
0861_0107_0019_0103_0103.jpg 1 107 19 103 103
0862_0029_0065_0098_0098.jpg 1 29 65 98 98
0863_0105_0089_0072_0072.jpg 1 105 89 72 72
0864_0116_0059_0102_0102.jpg 1 116 59 102 102
0865_0055_0057_0079_0079.jpg 1 55 57 79 79
0866_0048_0040_0111_0111.jpg 1 48 40 111 111
0867_0042_0009_0103_0103.jpg 1 42 9 103 103
0868_0030_0018_0077_0077.jpg 1 30 18 77 77
0869_0040_0033_0101_0101.jpg 1 40 33 101 101
0870_0025_0032_0102_0102.jpg 1 25 32 102 102
0871_0060_0029_0082_0082.jpg 1 60 29 82 82
0872_0098_0039_0105_0105.jpg 1 98 39 105 105
0873_0060_0065_0089_0089.jpg 1 60 65 89 89
0874_0049_0070_0098_0098.jpg 1 49 70 98 98
0875_0044_0026_0098_0098.jpg 1 44 26 98 98
0876_0043_0034_0103_0103.jpg 1 43 34 103 103
0877_0066_0021_0099_0099.jpg 1 66 21 99 99
0878_0115_0013_0095_0095.jpg 1 115 13 95 95
0879_0077_0032_0106_0106.jpg 1 77 32 106 106
0880_0042_0039_0086_0086.jpg 1 42 39 86 86
0881_0066_0015_0077_0077.jpg 1 66 15 77 77
0882_0072_0065_0106_0106.jpg 1 72 65 106 106
0883_0154_0013_0108_0108.jpg 1 154 13 108 108
0884_0126_0021_0103_0103.jpg 1 126 21 103 103
0885_0010_0148_0092_0092.jpg 1 10 148 92 92
0886_0059_0089_0078_0078.jpg 1 59 89 78 78
0887_0112_0016_0076_0076.jpg 1 112 16 76 76
0888_0044_0097_0080_0080.jpg 1 44 97 80 80
0889_0039_0040_0087_0087.jpg 1 39 40 87 87
0890_0198_0042_0084_0084.jpg 1 198 42 84 84
0891_0114_0046_0080_0080.jpg 1 114 46 80 80
0892_0065_0062_0093_0093.jpg 1 65 62 93 93
0893_0143_0022_0073_0073.jpg 1 143 22 73 73
0894_0095_0022_0108_0108.jpg 1 95 22 108 108
0895_0096_0070_0095_0095.jpg 1 96 70 95 95
0896_0174_0025_0083_0083.jpg 1 174 25 83 83
0897_0121_0025_0082_0082.jpg 1 121 25 82 82
0898_0091_0042_0077_0077.jpg 1 91 42 77 77
0899_0039_0046_0094_0094.jpg 1 39 46 94 94
0900_0049_0054_0100_0100.jpg 1 49 54 100 100
0901_0062_0018_0090_0090.jpg 1 62 18 90 90
0902_0052_0029_0077_0077.jpg 1 52 29 77 77
0903_0060_0016_0088_0088.jpg 1 60 16 88 88
0904_0126_0019_0092_0092.jpg 1 126 19 92 92
0905_0143_0054_0074_0074.jpg 1 143 54 74 74
0906_0068_0065_0091_0091.jpg 1 68 65 91 91
0907_0071_0014_0109_0109.jpg 1 71 14 109 109
0908_0152_0022_0106_0106.jpg 1 152 22 106 106
0909_0077_0037_0079_0079.jpg 1 77 37 79 79
0910_0069_0023_0111_0111.jpg 1 69 23 111 111
0911_0057_0067_0094_0094.jpg 1 57 67 94 94
0912_0051_0043_0096_0096.jpg 1 51 43 96 96
0913_0072_0048_0108_0108.jpg 1 72 48 108 108
0914_0115_0031_0094_0094.jpg 1 115 31 94 94
0915_0036_0016_0072_0072.jpg 1 36 16 72 72
0916_0085_0070_0079_0079.jpg 1 85 70 79 79
0917_0131_0058_0076_0076.jpg 1 131 58 76 76
0918_0088_0017_0111_0111.jpg 1 88 17 111 111
0919_0063_0031_0100_0100.jpg 1 63 31 100 100
0920_0078_0012_0094_0094.jpg 1 78 12 94 94
0921_0022_0054_0112_0112.jpg 1 22 54 112 112
0922_0024_0059_0074_0074.jpg 1 24 59 74 74
0923_0145_0056_0078_0078.jpg 1 145 56 78 78
0924_0163_0019_0093_0093.jpg 1 163 19 93 93
0925_0126_0064_0095_0095.jpg 1 126 64 95 95
0926_0123_0066_0093_0093.jpg 1 123 66 93 93
0927_0041_0039_0106_0106.jpg 1 41 39 106 106
0928_0085_0011_0114_0114.jpg 1 85 11 114 114
0929_0139_0022_0076_0076.jpg 1 139 22 76 76
0930_0058_0047_0075_0075.jpg 1 58 47 75 75
0931_0107_0043_0099_0099.jpg 1 107 43 99 99
0932_0138_0033_0091_0091.jpg 1 138 33 91 91
0933_0061_0018_0075_0075.jpg 1 61 18 75 75
0934_0032_0044_0091_0091.jpg 1 32 44 91 91
0935_0111_0008_0103_0103.jpg 1 111 8 103 103
0936_0084_0017_0078_0078.jpg 1 84 17 78 78
0937_0023_0038_0087_0087.jpg 1 23 38 87 87
0938_0073_0083_0101_0101.jpg 1 73 83 101 101
0939_0122_0041_0099_0099.jpg 1 122 41 99 99
0940_0119_0009_0095_0095.jpg 1 119 9 95 95
0941_0080_0027_0097_0097.jpg 1 80 27 97 97
0942_0106_0059_0105_0105.jpg 1 106 59 105 105
0943_0083_0065_0097_0097.jpg 1 83 65 97 97
0944_0100_0096_0075_0075.jpg 1 100 96 75 75
0945_0095_0022_0109_0109.jpg 1 95 22 109 109
0946_0036_0051_0087_0087.jpg 1 36 51 87 87
0947_0053_0092_0080_0080.jpg 1 53 92 80 80
0948_0087_0073_0086_0086.jpg 1 87 73 86 86
0949_0046_0073_0079_0079.jpg 1 46 73 79 79
0950_0109_0025_0085_0085.jpg 1 109 25 85 85
0951_0120_0030_0110_0110.jpg 1 120 30 110 110
0952_0065_0035_0073_0073.jpg 1 65 35 73 73
0953_0090_0110_0088_0088.jpg 1 90 110 88 88
0954_0068_0040_0099_0099.jpg 1 68 40 99 99
0955_0127_0027_0096_0096.jpg 1 127 27 96 96
0956_0101_0067_0086_0086.jpg 1 101 67 86 86
0957_0035_0118_0076_0076.jpg 1 35 118 76 76
0958_0019_0026_0107_0107.jpg 1 19 26 107 107
0959_0100_0054_0109_0109.jpg 1 100 54 109 109
0960_0100_0069_0093_0093.jpg 1 100 69 93 93
0961_0067_0008_0084_0084.jpg 1 67 8 84 84
0962_0145_0076_0077_0077.jpg 1 145 76 77 77
0963_0030_0010_0100_0100.jpg 1 30 10 100 100
0964_0184_0015_0109_0109.jpg 1 184 15 109 109
0965_0089_0035_0107_0107.jpg 1 89 35 107 107
0966_0029_0017_0100_0100.jpg 1 29 17 100 100
0967_0165_0022_0108_0108.jpg 1 165 22 108 108
0968_0113_0075_0100_0100.jpg 1 113 75 100 100
0969_0070_0073_0101_0101.jpg 1 70 73 101 101
0970_0083_0038_0108_0108.jpg 1 83 38 108 108
0971_0076_0020_0099_0099.jpg 1 76 20 99 99
0972_0073_0009_0091_0091.jpg 1 73 9 91 91
0973_0038_0045_0113_0113.jpg 1 38 45 113 113
0974_0078_0050_0104_0104.jpg 1 78 50 104 104
0975_0144_0067_0090_0090.jpg 1 144 67 90 90
0976_0128_0050_0095_0095.jpg 1 128 50 95 95
0977_0016_0029_0111_0111.jpg 1 16 29 111 111
0978_0145_0060_0091_0091.jpg 1 145 60 91 91
0979_0022_0032_0085_0085.jpg 1 22 32 85 85
0980_0070_0048_0090_0090.jpg 1 70 48 90 90
0981_0045_0043_0112_0112.jpg 1 45 43 112 112
0982_0112_0043_0113_0113.jpg 1 112 43 113 113
0983_0083_0083_0083_0083.jpg 1 83 83 83 83
0984_0050_0097_0073_0073.jpg 1 50 97 73 73
0985_0072_0073_0075_0075.jpg 1 72 73 75 75
0986_0052_0051_0112_0112.jpg 1 52 51 112 112
0987_0048_0075_0091_0091.jpg 1 48 75 91 91
0988_0072_0076_0085_0085.jpg 1 72 76 85 85
0989_0057_0075_0096_0096.jpg 1 57 75 96 96
0990_0079_0020_0109_0109.jpg 1 79 20 109 109
0991_0044_0103_0113_0113.jpg 1 44 103 113 113
0992_0145_0055_0088_0088.jpg 1 145 55 88 88
0993_0118_0043_0082_0082.jpg 1 118 43 82 82
0994_0135_0022_0106_0106.jpg 1 135 22 106 106
0995_0019_0059_0095_0095.jpg 1 19 59 95 95
0996_0046_0069_0077_0077.jpg 1 46 69 77 77
0997_0071_0037_0096_0096.jpg 1 71 37 96 96
0998_0104_0013_0080_0080.jpg 1 104 13 80 80
0999_0031_0016_0106_0106.jpg 1 31 16 106 106
1000_0055_0043_0109_0109.jpg 1 55 43 109 109
